0.000000,2.425475
0.010000,2.422930
0.020000,2.417839
0.030000,2.425475
0.040000,2.430566
0.050000,2.428021
0.060000,2.422930
0.070000,2.425475
0.080000,2.428021
0.090000,2.422930
0.100000,2.425475
0.110000,2.425475
0.120000,2.417839
0.130000,2.430566
0.140000,2.428021
0.150000,2.417839
0.160000,2.420385
0.170000,2.430566
0.180000,2.430566
0.190000,2.425475
0.200000,2.428021
0.210000,2.428021
0.220000,2.420385
0.230000,2.425475
0.240000,2.430566
0.250000,2.430566
0.260000,2.428021
0.270000,2.425475
0.280000,2.425475
0.290000,2.420385
0.300000,2.417839
0.310000,2.430566
0.320000,2.425475
0.330000,2.425475
0.340000,2.430566
0.350000,2.430566
0.360000,2.417839
0.370000,2.422930
0.380000,2.430566
0.390000,2.430566
0.400000,2.420385
0.410000,2.422930
0.420000,2.425475
0.430000,2.417839
0.440000,2.425475
0.450000,2.430566
0.460000,2.430566
0.470000,2.417839
0.480000,2.430566
0.490000,2.430566
0.500000,2.417839
0.510000,2.430566
0.520000,2.425475
0.530000,2.425475
0.540000,2.425475
0.550000,2.420385
0.560000,2.430566
0.570000,2.422930
0.580000,2.425475
0.590000,2.430566
0.600000,2.420385
0.610000,2.417839
0.620000,2.430566
0.630000,2.420385
0.640000,2.430566
0.650000,2.417839
0.660000,2.425475
0.670000,2.430566
0.680000,2.420385
0.690000,2.425475
0.700000,2.425475
0.710000,2.417839
0.720000,2.428021
0.730000,2.420385
0.740000,2.420385
0.750000,2.425475
0.760000,2.430566
0.770000,2.425475
0.780000,2.433112
0.790000,2.428021
0.800000,2.425475
0.810000,2.417839
0.820000,2.420385
0.830000,2.425475
0.840000,2.428021
0.850000,2.425475
0.860000,2.430566
0.870000,2.417839
0.880000,2.420385
0.890000,2.430566
0.900000,2.417839
0.910000,2.422930
0.920000,2.425475
0.930000,2.417839
0.940000,2.417839
0.950000,2.425475
0.960000,2.430566
0.970000,2.430566
0.980000,2.428021
0.990000,2.425475
1.000000,2.417839
1.010000,2.430566
1.020000,2.433112
1.030000,2.430566
1.040000,2.422930
1.050000,2.425475
1.060000,2.417839
1.070000,2.425475
1.080000,2.422930
1.090000,2.422930
1.100000,2.430566
1.110000,2.422930
1.120000,2.420385
1.130000,2.430566
1.140000,2.422930
1.150000,2.425475
1.160000,2.430566
1.170000,2.417839
1.180000,2.428021
1.190000,2.425475
1.200000,2.430566
1.210000,2.417839
1.220000,2.430566
1.230000,2.428021
1.240000,2.425475
1.250000,2.430566
1.260000,2.420385
1.270000,2.417839
1.280000,2.425475
1.290000,2.425475
1.300000,2.430566
1.310000,2.425475
1.320000,2.417839
1.330000,2.425475
1.340000,2.430566
1.350000,2.430566
1.360000,2.428021
1.370000,2.430566
1.380000,2.417839
1.390000,2.425475
1.400000,2.425475
1.410000,2.425475
1.420000,2.430566
1.430000,2.422930
1.440000,2.430566
1.450000,2.425475
1.460000,2.428021
1.470000,2.428021
1.480000,2.420385
1.490000,2.417839
1.500000,2.425475
1.510000,2.428021
1.520000,2.425475
1.530000,2.428021
1.540000,2.417839
1.550000,2.430566
1.560000,2.417839
1.570000,2.425475
1.580000,2.425475
1.590000,2.430566
1.600000,2.417839
1.610000,2.425475
1.620000,2.433112
1.630000,2.417839
1.640000,2.430566
1.650000,2.425475
1.660000,2.430566
1.670000,2.417839
1.680000,2.430566
1.690000,2.425475
1.700000,2.430566
1.710000,2.425475
1.720000,2.417839
1.730000,2.430566
1.740000,2.430566
1.750000,2.417839
1.760000,2.430566
1.770000,2.428021
1.780000,2.420385
1.790000,2.430566
1.800000,2.425475
1.810000,2.433112
1.820000,2.430566
1.830000,2.448384
1.840000,2.453474
1.850000,2.461110
1.860000,2.478928
1.870000,2.476382
1.880000,2.499290
1.890000,2.506926
1.900000,2.529834
1.910000,2.540016
1.920000,2.557833
1.930000,2.598559
1.940000,2.624012
1.950000,2.654556
1.960000,2.692736
1.970000,2.715644
1.980000,2.769097
1.990000,2.822549
2.000000,2.860729
2.010000,2.901454
2.020000,2.954906
2.030000,3.000723
2.040000,3.033812
2.050000,3.082173
2.060000,3.102536
2.070000,3.140716
2.080000,3.176351
2.090000,3.196714
2.100000,3.232349
2.110000,3.255257
2.120000,3.290891
2.130000,3.321436
2.140000,3.362161
2.150000,3.397796
2.160000,3.420704
2.170000,3.456339
2.180000,3.479247
2.190000,3.484337
2.200000,3.512336
2.210000,3.517427
2.220000,3.535244
2.230000,3.558152
2.240000,3.563243
2.250000,3.578515
2.260000,3.588696
2.270000,3.606514
2.280000,3.606514
2.290000,3.603968
2.300000,3.603968
2.310000,3.619240
2.320000,3.609059
2.330000,3.621786
2.340000,3.603968
2.350000,3.609059
2.360000,3.591242
2.370000,3.588696
2.380000,3.581060
2.390000,3.553062
2.400000,3.550516
2.410000,3.527608
2.420000,3.519972
2.430000,3.494519
2.440000,3.461429
2.450000,3.443612
2.460000,3.395250
2.470000,3.364706
2.480000,3.301073
2.490000,3.255257
2.500000,3.176351
2.510000,3.120354
2.520000,3.051629
2.530000,3.008359
2.540000,2.954906
2.550000,2.901454
2.560000,2.858183
2.570000,2.817458
2.580000,2.784369
2.590000,2.743643
2.600000,2.725826
2.610000,2.705463
2.620000,2.685100
2.630000,2.677464
2.640000,2.649466
2.650000,2.634193
2.660000,2.603649
2.670000,2.537471
2.680000,2.514562
2.690000,2.491654
2.700000,2.476382
2.710000,2.466201
2.720000,2.461110
2.730000,2.466201
2.740000,2.466201
2.750000,2.481473
2.760000,2.471292
2.770000,2.481473
2.780000,2.471292
2.790000,2.468746
2.800000,2.471292
2.810000,2.466201
2.820000,2.456020
2.830000,2.468746
2.840000,2.461110
2.850000,2.458565
2.860000,2.461110
2.870000,2.453474
2.880000,2.463656
2.890000,2.463656
2.900000,2.458565
2.910000,2.458565
2.920000,2.450929
2.930000,2.461110
2.940000,2.458565
2.950000,2.450929
2.960000,2.458565
2.970000,2.458565
2.980000,2.456020
2.990000,2.450929
3.000000,2.458565
3.010000,2.456020
3.020000,2.458565
3.030000,2.456020
3.040000,2.456020
3.050000,2.448384
3.060000,2.453474
3.070000,2.461110
3.080000,2.458565
3.090000,2.458565
3.100000,2.458565
3.110000,2.445838
3.120000,2.450929
3.130000,2.453474
3.140000,2.450929
3.150000,2.450929
3.160000,2.445838
3.170000,2.458565
3.180000,2.450929
3.190000,2.450929
3.200000,2.453474
3.210000,2.471292
3.220000,2.504381
3.230000,2.532380
3.240000,2.562924
3.250000,2.590923
3.260000,2.621467
3.270000,2.649466
3.280000,2.662192
3.290000,2.674919
3.300000,2.690191
3.310000,2.718190
3.320000,2.743643
3.330000,2.792005
3.340000,2.812367
3.350000,2.860729
3.360000,2.886182
3.370000,2.929453
3.380000,2.937089
3.390000,2.954906
3.400000,2.975269
3.410000,2.985451
3.420000,3.000723
3.430000,3.026176
3.440000,3.056720
3.450000,3.084719
3.460000,3.130535
3.470000,3.150898
3.480000,3.173806
3.490000,3.201804
3.500000,3.214531
3.510000,3.247621
3.520000,3.262893
3.530000,3.288346
3.540000,3.313799
3.550000,3.334162
3.560000,3.354525
3.570000,3.374888
3.580000,3.402886
3.590000,3.410522
3.600000,3.430885
3.610000,3.446157
3.620000,3.446157
3.630000,3.458884
3.640000,3.469065
3.650000,3.479247
3.660000,3.479247
3.670000,3.491973
3.680000,3.486883
3.690000,3.479247
3.700000,3.471611
3.710000,3.453793
3.720000,3.443612
3.730000,3.430885
3.740000,3.420704
3.750000,3.395250
3.760000,3.364706
3.770000,3.326526
3.780000,3.313799
3.790000,3.283255
3.800000,3.239985
3.810000,3.201804
3.820000,3.150898
3.830000,3.082173
3.840000,3.021085
3.850000,2.939634
3.860000,2.873456
3.870000,2.784369
3.880000,2.715644
3.890000,2.659647
3.900000,2.621467
3.910000,2.601104
3.920000,2.578196
3.930000,2.570560
3.940000,2.565469
3.950000,2.560379
3.960000,2.552743
3.970000,2.540016
3.980000,2.545107
3.990000,2.540016
4.000000,2.560379
4.010000,2.573105
4.020000,2.596013
4.030000,2.621467
4.040000,2.634193
4.050000,2.664738
4.060000,2.664738
4.070000,2.685100
4.080000,2.680010
4.090000,2.700372
4.100000,2.715644
4.110000,2.741098
4.120000,2.756370
4.130000,2.797095
4.140000,2.820003
4.150000,2.835275
4.160000,2.860729
4.170000,2.881092
4.180000,2.898909
4.190000,2.919272
4.200000,2.942180
4.210000,2.970178
4.220000,3.000723
4.230000,3.028721
4.240000,3.056720
4.250000,3.094900
4.260000,3.133080
4.270000,3.163624
4.280000,3.194168
4.290000,3.206895
4.300000,3.232349
4.310000,3.255257
4.320000,3.267983
4.330000,3.288346
4.340000,3.311254
4.350000,3.334162
4.360000,3.364706
4.370000,3.387614
4.380000,3.405432
4.390000,3.428340
4.400000,3.451248
4.410000,3.458884
4.420000,3.476701
4.430000,3.499609
4.440000,3.497064
4.450000,3.509791
4.460000,3.517427
4.470000,3.527608
4.480000,3.532699
4.490000,3.542880
4.500000,3.527608
4.510000,3.532699
4.520000,3.527608
4.530000,3.504700
4.540000,3.489428
4.550000,3.479247
4.560000,3.463975
4.570000,3.433431
4.580000,3.402886
4.590000,3.374888
4.600000,3.354525
4.610000,3.318890
4.620000,3.265438
4.630000,3.227258
4.640000,3.181442
4.650000,3.138171
4.660000,3.092355
4.670000,3.051629
4.680000,3.010904
4.690000,2.970178
4.700000,2.919272
4.710000,2.876001
4.720000,2.832730
4.730000,2.797095
4.740000,2.766551
4.750000,2.730916
4.760000,2.718190
4.770000,2.695282
4.780000,2.677464
4.790000,2.674919
4.800000,2.659647
4.810000,2.649466
4.820000,2.649466
4.830000,2.652011
4.840000,2.644375
4.850000,2.657102
4.860000,2.667283
4.870000,2.682555
4.880000,2.710554
4.890000,2.730916
4.900000,2.751279
4.910000,2.776733
4.920000,2.809822
4.930000,2.848002
4.940000,2.868365
4.950000,2.904000
4.960000,2.939634
4.970000,2.957452
4.980000,2.987996
4.990000,3.018540
5.000000,3.038903
5.010000,3.077083
5.020000,3.099991
5.030000,3.133080
5.040000,3.173806
5.050000,3.189078
5.060000,3.224713
5.070000,3.234894
5.080000,3.267983
5.090000,3.280710
5.100000,3.295982
5.110000,3.316345
5.120000,3.329072
5.130000,3.359616
5.140000,3.385069
5.150000,3.397796
5.160000,3.402886
5.170000,3.425794
5.180000,3.438521
5.190000,3.430885
5.200000,3.448703
5.210000,3.446157
5.220000,3.463975
5.230000,3.456339
5.240000,3.469065
5.250000,3.476701
5.260000,3.479247
5.270000,3.484337
5.280000,3.479247
5.290000,3.471611
5.300000,3.463975
5.310000,3.456339
5.320000,3.435976
5.330000,3.418158
5.340000,3.407977
5.350000,3.392705
5.360000,3.364706
5.370000,3.351980
5.380000,3.308709
5.390000,3.288346
5.400000,3.245075
5.410000,3.214531
5.420000,3.173806
5.430000,3.125444
5.440000,3.084719
5.450000,3.041448
5.460000,3.010904
5.470000,2.962542
5.480000,2.937089
5.490000,2.898909
5.500000,2.855638
5.510000,2.827639
5.520000,2.814913
5.530000,2.789459
5.540000,2.766551
5.550000,2.758915
5.560000,2.738552
5.570000,2.733462
5.580000,2.715644
5.590000,2.710554
5.600000,2.708008
5.610000,2.702918
5.620000,2.695282
5.630000,2.695282
5.640000,2.690191
5.650000,2.700372
5.660000,2.708008
5.670000,2.733462
5.680000,2.743643
5.690000,2.771642
5.700000,2.786914
5.710000,2.804731
5.720000,2.825094
5.730000,2.845457
5.740000,2.858183
5.750000,2.883637
5.760000,2.891273
5.770000,2.921817
5.780000,2.939634
5.790000,2.962542
5.800000,2.980360
5.810000,3.000723
5.820000,3.010904
5.830000,3.026176
5.840000,3.054175
5.850000,3.069447
5.860000,3.082173
5.870000,3.092355
5.880000,3.107627
5.890000,3.122899
5.900000,3.130535
5.910000,3.143262
5.920000,3.150898
5.930000,3.155988
5.940000,3.163624
5.950000,3.178896
5.960000,3.199259
5.970000,3.206895
5.980000,3.219622
5.990000,3.245075
6.000000,3.265438
6.010000,3.280710
6.020000,3.303618
6.030000,3.313799
6.040000,3.339253
6.050000,3.364706
6.060000,3.382524
6.070000,3.397796
6.080000,3.425794
6.090000,3.433431
6.100000,3.458884
6.110000,3.469065
6.120000,3.497064
6.130000,3.499609
6.140000,3.525063
6.150000,3.525063
6.160000,3.547971
6.170000,3.558152
6.180000,3.550516
6.190000,3.570879
6.200000,3.570879
6.210000,3.583606
6.220000,3.583606
6.230000,3.586151
6.240000,3.581060
6.250000,3.575970
6.260000,3.578515
6.270000,3.570879
6.280000,3.563243
6.290000,3.565788
6.300000,3.550516
6.310000,3.553062
6.320000,3.550516
6.330000,3.540335
6.340000,3.532699
6.350000,3.527608
6.360000,3.509791
6.370000,3.499609
6.380000,3.486883
6.390000,3.469065
6.400000,3.443612
6.410000,3.425794
6.420000,3.392705
6.430000,3.374888
6.440000,3.354525
6.450000,3.321436
6.460000,3.290891
6.470000,3.252711
6.480000,3.224713
6.490000,3.186532
6.500000,3.145807
6.510000,3.122899
6.520000,3.089809
6.530000,3.051629
6.540000,3.036357
6.550000,3.000723
6.560000,2.987996
6.570000,2.959997
6.580000,2.944725
6.590000,2.929453
6.600000,2.909090
6.610000,2.896364
6.620000,2.865819
6.630000,2.858183
6.640000,2.840366
6.650000,2.837821
6.660000,2.822549
6.670000,2.812367
6.680000,2.807277
6.690000,2.794550
6.700000,2.786914
6.710000,2.784369
6.720000,2.766551
6.730000,2.756370
6.740000,2.753824
6.750000,2.756370
6.760000,2.743643
6.770000,2.743643
6.780000,2.741098
6.790000,2.743643
6.800000,2.743643
6.810000,2.748734
6.820000,2.746188
6.830000,2.738552
6.840000,2.741098
6.850000,2.738552
6.860000,2.743643
6.870000,2.738552
6.880000,2.741098
6.890000,2.748734
6.900000,2.756370
6.910000,2.764006
6.920000,2.761461
6.930000,2.761461
6.940000,2.756370
6.950000,2.756370
6.960000,2.764006
6.970000,2.764006
6.980000,2.766551
6.990000,2.761461
7.000000,2.766551
7.010000,2.774187
7.020000,2.769097
7.030000,2.774187
7.040000,2.776733
7.050000,2.776733
7.060000,2.774187
7.070000,2.774187
7.080000,2.766551
7.090000,2.758915
7.100000,2.758915
7.110000,2.764006
7.120000,2.761461
7.130000,2.766551
7.140000,2.766551
7.150000,2.761461
7.160000,2.766551
7.170000,2.771642
7.180000,2.766551
7.190000,2.776733
7.200000,2.769097
7.210000,2.786914
7.220000,2.799641
7.230000,2.814913
7.240000,2.835275
7.250000,2.858183
7.260000,2.893818
7.270000,2.944725
7.280000,2.972724
7.290000,3.015995
7.300000,3.051629
7.310000,3.082173
7.320000,3.133080
7.330000,3.158534
7.340000,3.204350
7.350000,3.229803
7.360000,3.270529
7.370000,3.290891
7.380000,3.316345
7.390000,3.346889
7.400000,3.357070
7.410000,3.387614
7.420000,3.407977
7.430000,3.420704
7.440000,3.448703
7.450000,3.453793
7.460000,3.463975
7.470000,3.476701
7.480000,3.489428
7.490000,3.497064
7.500000,3.499609
7.510000,3.504700
7.520000,3.509791
7.530000,3.509791
7.540000,3.509791
7.550000,3.509791
7.560000,3.504700
7.570000,3.502155
7.580000,3.504700
7.590000,3.489428
7.600000,3.479247
7.610000,3.469065
7.620000,3.466520
7.630000,3.443612
7.640000,3.413068
7.650000,3.387614
7.660000,3.369797
7.670000,3.336708
7.680000,3.308709
7.690000,3.278165
7.700000,3.245075
7.710000,3.222167
7.720000,3.183987
7.730000,3.148352
7.740000,3.120354
7.750000,3.092355
7.760000,3.049084
7.770000,3.023631
7.780000,3.000723
7.790000,2.959997
7.800000,2.934544
7.810000,2.901454
7.820000,2.876001
7.830000,2.850547
7.840000,2.827639
7.850000,2.799641
7.860000,2.776733
7.870000,2.766551
7.880000,2.746188
7.890000,2.743643
7.900000,2.725826
7.910000,2.725826
7.920000,2.708008
7.930000,2.713099
7.940000,2.697827
7.950000,2.705463
7.960000,2.697827
7.970000,2.710554
7.980000,2.723280
7.990000,2.725826
8.000000,2.746188
8.010000,2.741098
8.020000,2.756370
8.030000,2.751279
8.040000,2.753824
8.050000,2.746188
8.060000,2.758915
8.070000,2.753824
8.080000,2.758915
8.090000,2.758915
8.100000,2.764006
8.110000,2.774187
8.120000,2.774187
8.130000,2.789459
8.140000,2.786914
8.150000,2.786914
8.160000,2.797095
8.170000,2.794550
8.180000,2.797095
8.190000,2.799641
8.200000,2.802186
8.210000,2.799641
8.220000,2.814913
8.230000,2.804731
8.240000,2.817458
8.250000,2.812367
8.260000,2.812367
8.270000,2.814913
8.280000,2.832730
8.290000,2.837821
8.300000,2.855638
8.310000,2.896364
8.320000,2.934544
8.330000,2.949816
8.340000,2.990541
8.350000,3.015995
8.360000,3.043993
8.370000,3.092355
8.380000,3.120354
8.390000,3.153443
8.400000,3.199259
8.410000,3.239985
8.420000,3.265438
8.430000,3.278165
8.440000,3.303618
8.450000,3.323981
8.460000,3.339253
8.470000,3.359616
8.480000,3.385069
8.490000,3.392705
8.500000,3.405432
8.510000,3.407977
8.520000,3.423249
8.530000,3.418158
8.540000,3.433431
8.550000,3.423249
8.560000,3.428340
8.570000,3.430885
8.580000,3.428340
8.590000,3.420704
8.600000,3.407977
8.610000,3.407977
8.620000,3.405432
8.630000,3.387614
8.640000,3.379978
8.650000,3.369797
8.660000,3.367252
8.670000,3.346889
8.680000,3.326526
8.690000,3.301073
8.700000,3.280710
8.710000,3.260347
8.720000,3.245075
8.730000,3.222167
8.740000,3.191623
8.750000,3.173806
8.760000,3.143262
8.770000,3.112718
8.780000,3.089809
8.790000,3.051629
8.800000,3.021085
8.810000,2.982905
8.820000,2.952361
8.830000,2.916726
8.840000,2.888728
8.850000,2.860729
8.860000,2.850547
8.870000,2.835275
8.880000,2.817458
8.890000,2.809822
8.900000,2.797095
8.910000,2.781823
8.920000,2.781823
8.930000,2.766551
8.940000,2.758915
8.950000,2.748734
8.960000,2.758915
8.970000,2.756370
8.980000,2.748734
8.990000,2.743643
9.000000,2.748734
9.010000,2.753824
9.020000,2.758915
9.030000,2.753824
9.040000,2.761461
9.050000,2.758915
9.060000,2.766551
9.070000,2.769097
9.080000,2.774187
9.090000,2.766551
9.100000,2.774187
9.110000,2.786914
9.120000,2.779278
9.130000,2.794550
9.140000,2.802186
9.150000,2.807277
9.160000,2.809822
9.170000,2.820003
9.180000,2.817458
9.190000,2.814913
9.200000,2.830185
9.210000,2.827639
9.220000,2.825094
9.230000,2.825094
9.240000,2.845457
9.250000,2.837821
9.260000,2.850547
9.270000,2.865819
9.280000,2.876001
9.290000,2.888728
9.300000,2.898909
9.310000,2.919272
9.320000,2.949816
9.330000,2.995632
9.340000,3.010904
9.350000,3.038903
9.360000,3.077083
9.370000,3.112718
9.380000,3.127990
9.390000,3.143262
9.400000,3.183987
9.410000,3.217077
9.420000,3.237439
9.430000,3.265438
9.440000,3.288346
9.450000,3.301073
9.460000,3.316345
9.470000,3.336708
9.480000,3.346889
9.490000,3.362161
9.500000,3.357070
9.510000,3.364706
9.520000,3.364706
9.530000,3.369797
9.540000,3.359616
9.550000,3.372342
9.560000,3.362161
9.570000,3.357070
9.580000,3.349434
9.590000,3.341798
9.600000,3.336708
9.610000,3.326526
9.620000,3.308709
9.630000,3.288346
9.640000,3.270529
9.650000,3.229803
9.660000,3.189078
9.670000,3.150898
9.680000,3.122899
9.690000,3.105082
9.700000,3.069447
9.710000,3.056720
9.720000,3.028721
9.730000,3.015995
9.740000,2.987996
9.750000,2.949816
9.760000,2.916726
9.770000,2.878546
9.780000,2.840366
9.790000,2.807277
9.800000,2.789459
9.810000,2.758915
9.820000,2.756370
9.830000,2.746188
9.840000,2.728371
9.850000,2.723280
9.860000,2.715644
9.870000,2.715644
9.880000,2.695282
9.890000,2.702918
9.900000,2.692736
9.910000,2.695282
9.920000,2.695282
9.930000,2.687646
9.940000,2.702918
9.950000,2.702918
9.960000,2.708008
9.970000,2.715644
9.980000,2.715644
9.990000,2.725826
10.000000,2.718190
10.010000,2.715644
10.020000,2.715644
10.030000,2.720735
10.040000,2.710554
10.050000,2.725826
10.060000,2.718190
10.070000,2.736007
10.080000,2.736007
10.090000,2.738552
10.100000,2.751279
10.110000,2.748734
10.120000,2.751279
10.130000,2.766551
10.140000,2.766551
10.150000,2.769097
10.160000,2.784369
10.170000,2.781823
10.180000,2.794550
10.190000,2.792005
10.200000,2.794550
10.210000,2.794550
10.220000,2.792005
10.230000,2.799641
10.240000,2.804731
10.250000,2.809822
10.260000,2.809822
10.270000,2.807277
10.280000,2.820003
10.290000,2.832730
10.300000,2.853093
10.310000,2.865819
10.320000,2.906545
10.330000,2.921817
10.340000,2.970178
10.350000,3.000723
10.360000,3.056720
10.370000,3.105082
10.380000,3.161079
10.390000,3.214531
10.400000,3.234894
10.410000,3.275619
10.420000,3.288346
10.430000,3.326526
10.440000,3.362161
10.450000,3.374888
10.460000,3.400341
10.470000,3.428340
10.480000,3.448703
10.490000,3.471611
10.500000,3.484337
10.510000,3.491973
10.520000,3.507245
10.530000,3.509791
10.540000,3.512336
10.550000,3.512336
10.560000,3.509791
10.570000,3.509791
10.580000,3.494519
10.590000,3.494519
10.600000,3.484337
10.610000,3.471611
10.620000,3.471611
10.630000,3.463975
10.640000,3.435976
10.650000,3.402886
10.660000,3.367252
10.670000,3.334162
10.680000,3.303618
10.690000,3.265438
10.700000,3.252711
10.710000,3.229803
10.720000,3.211986
10.730000,3.194168
10.740000,3.150898
10.750000,3.122899
10.760000,3.092355
10.770000,3.059265
10.780000,3.023631
10.790000,2.972724
10.800000,2.937089
10.810000,2.906545
10.820000,2.876001
10.830000,2.860729
10.840000,2.837821
10.850000,2.804731
10.860000,2.784369
10.870000,2.779278
10.880000,2.769097
10.890000,2.758915
10.900000,2.746188
10.910000,2.748734
10.920000,2.748734
10.930000,2.736007
10.940000,2.738552
10.950000,2.736007
10.960000,2.741098
10.970000,2.738552
10.980000,2.746188
10.990000,2.748734
11.000000,2.756370
11.010000,2.766551
11.020000,2.769097
11.030000,2.774187
11.040000,2.781823
11.050000,2.774187
11.060000,2.786914
11.070000,2.789459
11.080000,2.774187
11.090000,2.781823
11.100000,2.786914
11.110000,2.792005
11.120000,2.774187
11.130000,2.779278
11.140000,2.784369
11.150000,2.776733
11.160000,2.786914
11.170000,2.774187
11.180000,2.774187
11.190000,2.781823
11.200000,2.771642
11.210000,2.771642
11.220000,2.774187
11.230000,2.766551
11.240000,2.769097
11.250000,2.774187
11.260000,2.774187
11.270000,2.784369
11.280000,2.804731
11.290000,2.830185
11.300000,2.865819
11.310000,2.914181
11.320000,2.959997
11.330000,3.021085
11.340000,3.079628
11.350000,3.153443
11.360000,3.214531
11.370000,3.252711
11.380000,3.303618
11.390000,3.339253
11.400000,3.377433
11.410000,3.407977
11.420000,3.438521
11.430000,3.463975
11.440000,3.476701
11.450000,3.504700
11.460000,3.514881
11.470000,3.535244
11.480000,3.532699
11.490000,3.555607
11.500000,3.553062
11.510000,3.560698
11.520000,3.550516
11.530000,3.558152
11.540000,3.550516
11.550000,3.542880
11.560000,3.540335
11.570000,3.525063
11.580000,3.530153
11.590000,3.512336
11.600000,3.499609
11.610000,3.491973
11.620000,3.469065
11.630000,3.441067
11.640000,3.428340
11.650000,3.402886
11.660000,3.372342
11.670000,3.346889
11.680000,3.316345
11.690000,3.290891
11.700000,3.273074
11.710000,3.252711
11.720000,3.219622
11.730000,3.211986
11.740000,3.181442
11.750000,3.166170
11.760000,3.138171
11.770000,3.105082
11.780000,3.092355
11.790000,3.064356
11.800000,3.036357
11.810000,3.010904
11.820000,2.975269
11.830000,2.949816
11.840000,2.924362
11.850000,2.921817
11.860000,2.898909
11.870000,2.906545
11.880000,2.891273
11.890000,2.876001
11.900000,2.873456
11.910000,2.848002
11.920000,2.825094
11.930000,2.817458
11.940000,2.792005
11.950000,2.781823
11.960000,2.774187
11.970000,2.766551
11.980000,2.751279
11.990000,2.751279
12.000000,2.753824
12.010000,2.756370
12.020000,2.761461
12.030000,2.751279
12.040000,2.746188
12.050000,2.751279
12.060000,2.756370
12.070000,2.756370
12.080000,2.756370
12.090000,2.751279
12.100000,2.748734
12.110000,2.751279
12.120000,2.746188
12.130000,2.746188
12.140000,2.753824
12.150000,2.746188
12.160000,2.756370
12.170000,2.751279
12.180000,2.751279
12.190000,2.746188
12.200000,2.753824
12.210000,2.741098
12.220000,2.748734
12.230000,2.769097
12.240000,2.792005
12.250000,2.832730
12.260000,2.878546
12.270000,2.929453
12.280000,2.977814
12.290000,3.013449
12.300000,3.054175
12.310000,3.082173
12.320000,3.122899
12.330000,3.163624
12.340000,3.196714
12.350000,3.232349
12.360000,3.250166
12.370000,3.273074
12.380000,3.295982
12.390000,3.301073
12.400000,3.318890
12.410000,3.336708
12.420000,3.341798
12.430000,3.367252
12.440000,3.364706
12.450000,3.385069
12.460000,3.402886
12.470000,3.405432
12.480000,3.428340
12.490000,3.430885
12.500000,3.441067
12.510000,3.448703
12.520000,3.453793
12.530000,3.471611
12.540000,3.484337
12.550000,3.486883
12.560000,3.497064
12.570000,3.499609
12.580000,3.507245
12.590000,3.512336
12.600000,3.525063
12.610000,3.530153
12.620000,3.530153
12.630000,3.547971
12.640000,3.550516
12.650000,3.560698
12.660000,3.560698
12.670000,3.565788
12.680000,3.581060
12.690000,3.588696
12.700000,3.588696
12.710000,3.581060
12.720000,3.588696
12.730000,3.588696
12.740000,3.581060
12.750000,3.588696
12.760000,3.586151
12.770000,3.588696
12.780000,3.583606
12.790000,3.581060
12.800000,3.583606
12.810000,3.578515
12.820000,3.573424
12.830000,3.575970
12.840000,3.570879
12.850000,3.563243
12.860000,3.550516
12.870000,3.530153
12.880000,3.530153
12.890000,3.502155
12.900000,3.489428
12.910000,3.484337
12.920000,3.463975
12.930000,3.448703
12.940000,3.418158
12.950000,3.395250
12.960000,3.364706
12.970000,3.341798
12.980000,3.323981
12.990000,3.301073
13.000000,3.283255
13.010000,3.270529
13.020000,3.242530
13.030000,3.237439
13.040000,3.219622
13.050000,3.196714
13.060000,3.191623
13.070000,3.166170
13.080000,3.161079
13.090000,3.150898
13.100000,3.138171
13.110000,3.120354
13.120000,3.107627
13.130000,3.099991
13.140000,3.089809
13.150000,3.084719
13.160000,3.066901
13.170000,3.069447
13.180000,3.051629
13.190000,3.046539
13.200000,3.036357
13.210000,3.031267
13.220000,3.015995
13.230000,3.015995
13.240000,2.995632
13.250000,2.990541
13.260000,2.982905
13.270000,2.977814
13.280000,2.970178
13.290000,2.957452
13.300000,2.959997
13.310000,2.937089
13.320000,2.944725
13.330000,2.934544
13.340000,2.937089
13.350000,2.929453
13.360000,2.929453
13.370000,2.919272
13.380000,2.931998
13.390000,2.929453
13.400000,2.934544
13.410000,2.947270
13.420000,2.970178
13.430000,2.980360
13.440000,2.995632
13.450000,3.013449
13.460000,3.033812
13.470000,3.061811
13.480000,3.082173
13.490000,3.112718
13.500000,3.150898
13.510000,3.181442
13.520000,3.201804
13.530000,3.222167
13.540000,3.257802
13.550000,3.273074
13.560000,3.288346
13.570000,3.321436
13.580000,3.334162
13.590000,3.349434
13.600000,3.379978
13.610000,3.395250
13.620000,3.415613
13.630000,3.428340
13.640000,3.435976
13.650000,3.458884
13.660000,3.463975
13.670000,3.479247
13.680000,3.497064
13.690000,3.494519
13.700000,3.504700
13.710000,3.499609
13.720000,3.504700
13.730000,3.509791
13.740000,3.509791
13.750000,3.519972
13.760000,3.517427
13.770000,3.519972
13.780000,3.522517
13.790000,3.527608
13.800000,3.532699
13.810000,3.530153
13.820000,3.547971
13.830000,3.532699
13.840000,3.547971
13.850000,3.540335
13.860000,3.550516
13.870000,3.550516
13.880000,3.568334
13.890000,3.560698
13.900000,3.578515
13.910000,3.588696
13.920000,3.591242
13.930000,3.591242
13.940000,3.598878
13.950000,3.596332
13.960000,3.596332
13.970000,3.611604
13.980000,3.611604
13.990000,3.621786
14.000000,3.621786
14.010000,3.639603
14.020000,3.634512
14.030000,3.629422
14.040000,3.614150
14.050000,3.614150
14.060000,3.609059
14.070000,3.598878
14.080000,3.591242
14.090000,3.581060
14.100000,3.581060
14.110000,3.565788
14.120000,3.550516
14.130000,3.530153
14.140000,3.514881
14.150000,3.499609
14.160000,3.474156
14.170000,3.446157
14.180000,3.430885
14.190000,3.397796
14.200000,3.369797
14.210000,3.346889
14.220000,3.313799
14.230000,3.293437
14.240000,3.265438
14.250000,3.242530
14.260000,3.217077
14.270000,3.183987
14.280000,3.173806
14.290000,3.140716
14.300000,3.117808
14.310000,3.092355
14.320000,3.061811
14.330000,3.031267
14.340000,2.980360
14.350000,2.957452
14.360000,2.947270
14.370000,2.937089
14.380000,2.906545
14.390000,2.901454
14.400000,2.878546
14.410000,2.873456
14.420000,2.860729
14.430000,2.850547
14.440000,2.840366
14.450000,2.814913
14.460000,2.804731
14.470000,2.809822
14.480000,2.799641
14.490000,2.792005
14.500000,2.797095
14.510000,2.794550
14.520000,2.786914
14.530000,2.794550
14.540000,2.786914
14.550000,2.784369
14.560000,2.789459
14.570000,2.789459
14.580000,2.786914
14.590000,2.779278
14.600000,2.792005
14.610000,2.794550
14.620000,2.807277
14.630000,2.812367
14.640000,2.820003
14.650000,2.817458
14.660000,2.817458
14.670000,2.835275
14.680000,2.848002
14.690000,2.848002
14.700000,2.865819
14.710000,2.878546
14.720000,2.888728
14.730000,2.898909
14.740000,2.909090
14.750000,2.929453
14.760000,2.929453
14.770000,2.949816
14.780000,2.954906
14.790000,2.959997
14.800000,2.967633
14.810000,2.982905
14.820000,2.982905
14.830000,2.990541
14.840000,2.987996
14.850000,2.998177
14.860000,3.003268
14.870000,3.010904
14.880000,3.013449
14.890000,3.036357
14.900000,3.028721
14.910000,3.043993
14.920000,3.049084
14.930000,3.061811
14.940000,3.054175
14.950000,3.061811
14.960000,3.066901
14.970000,3.061811
14.980000,3.069447
14.990000,3.061811
15.000000,3.066901
15.010000,3.059265
15.020000,3.066901
15.030000,3.071992
15.040000,3.077083
15.050000,3.099991
15.060000,3.110172
15.070000,3.135626
15.080000,3.143262
15.090000,3.161079
15.100000,3.176351
15.110000,3.206895
15.120000,3.242530
15.130000,3.273074
15.140000,3.303618
15.150000,3.346889
15.160000,3.377433
15.170000,3.420704
15.180000,3.458884
15.190000,3.471611
15.200000,3.494519
15.210000,3.504700
15.220000,3.509791
15.230000,3.525063
15.240000,3.535244
15.250000,3.535244
15.260000,3.537789
15.270000,3.537789
15.280000,3.550516
15.290000,3.547971
15.300000,3.547971
15.310000,3.547971
15.320000,3.550516
15.330000,3.547971
15.340000,3.532699
15.350000,3.532699
15.360000,3.545426
15.370000,3.535244
15.380000,3.532699
15.390000,3.527608
15.400000,3.522517
15.410000,3.517427
15.420000,3.514881
15.430000,3.507245
15.440000,3.491973
15.450000,3.486883
15.460000,3.471611
15.470000,3.446157
15.480000,3.428340
15.490000,3.397796
15.500000,3.374888
15.510000,3.346889
15.520000,3.316345
15.530000,3.280710
15.540000,3.242530
15.550000,3.194168
15.560000,3.158534
15.570000,3.110172
15.580000,3.064356
15.590000,3.021085
15.600000,2.998177
15.610000,2.967633
15.620000,2.947270
15.630000,2.919272
15.640000,2.893818
15.650000,2.886182
15.660000,2.850547
15.670000,2.827639
15.680000,2.814913
15.690000,2.792005
15.700000,2.766551
15.710000,2.743643
15.720000,2.738552
15.730000,2.736007
15.740000,2.733462
15.750000,2.728371
15.760000,2.718190
15.770000,2.718190
15.780000,2.730916
15.790000,2.723280
15.800000,2.725826
15.810000,2.718190
15.820000,2.725826
15.830000,2.736007
15.840000,2.730916
15.850000,2.736007
15.860000,2.753824
15.870000,2.766551
15.880000,2.774187
15.890000,2.771642
15.900000,2.781823
15.910000,2.794550
15.920000,2.807277
15.930000,2.807277
15.940000,2.814913
15.950000,2.820003
15.960000,2.827639
15.970000,2.837821
15.980000,2.840366
15.990000,2.842911
16.000000,2.845457
16.010000,2.848002
16.020000,2.855638
16.030000,2.853093
16.040000,2.850547
16.050000,2.858183
16.060000,2.858183
16.070000,2.860729
16.080000,2.858183
16.090000,2.863274
16.100000,2.855638
16.110000,2.848002
16.120000,2.855638
16.130000,2.840366
16.140000,2.850547
16.150000,2.842911
16.160000,2.830185
16.170000,2.825094
16.180000,2.837821
16.190000,2.825094
16.200000,2.842911
16.210000,2.835275
16.220000,2.855638
16.230000,2.876001
16.240000,2.921817
16.250000,2.957452
16.260000,3.000723
16.270000,3.043993
16.280000,3.077083
16.290000,3.140716
16.300000,3.181442
16.310000,3.242530
16.320000,3.293437
16.330000,3.344344
16.340000,3.395250
16.350000,3.430885
16.360000,3.463975
16.370000,3.489428
16.380000,3.504700
16.390000,3.509791
16.400000,3.522517
16.410000,3.525063
16.420000,3.519972
16.430000,3.504700
16.440000,3.504700
16.450000,3.489428
16.460000,3.499609
16.470000,3.486883
16.480000,3.476701
16.490000,3.458884
16.500000,3.458884
16.510000,3.430885
16.520000,3.420704
16.530000,3.400341
16.540000,3.387614
16.550000,3.357070
16.560000,3.336708
16.570000,3.303618
16.580000,3.283255
16.590000,3.250166
16.600000,3.224713
16.610000,3.186532
16.620000,3.155988
16.630000,3.127990
16.640000,3.092355
16.650000,3.049084
16.660000,3.010904
16.670000,2.970178
16.680000,2.919272
16.690000,2.896364
16.700000,2.863274
16.710000,2.840366
16.720000,2.822549
16.730000,2.807277
16.740000,2.794550
16.750000,2.784369
16.760000,2.766551
16.770000,2.766551
16.780000,2.751279
16.790000,2.753824
16.800000,2.738552
16.810000,2.751279
16.820000,2.746188
16.830000,2.746188
16.840000,2.748734
16.850000,2.751279
16.860000,2.761461
16.870000,2.761461
16.880000,2.769097
16.890000,2.771642
16.900000,2.771642
16.910000,2.766551
16.920000,2.766551
16.930000,2.769097
16.940000,2.774187
16.950000,2.784369
16.960000,2.774187
16.970000,2.792005
16.980000,2.797095
16.990000,2.804731
17.000000,2.802186
17.010000,2.812367
17.020000,2.820003
17.030000,2.825094
17.040000,2.825094
17.050000,2.825094
17.060000,2.832730
17.070000,2.832730
17.080000,2.822549
17.090000,2.822549
17.100000,2.820003
17.110000,2.835275
17.120000,2.825094
17.130000,2.840366
17.140000,2.837821
17.150000,2.840366
17.160000,2.840366
17.170000,2.835275
17.180000,2.837821
17.190000,2.832730
17.200000,2.835275
17.210000,2.837821
17.220000,2.827639
17.230000,2.837821
17.240000,2.845457
17.250000,2.858183
17.260000,2.873456
17.270000,2.896364
17.280000,2.921817
17.290000,2.939634
17.300000,2.985451
17.310000,3.021085
17.320000,3.069447
17.330000,3.117808
17.340000,3.150898
17.350000,3.201804
17.360000,3.245075
17.370000,3.285801
17.380000,3.346889
17.390000,3.382524
17.400000,3.438521
17.410000,3.474156
17.420000,3.489428
17.430000,3.519972
17.440000,3.532699
17.450000,3.550516
17.460000,3.553062
17.470000,3.570879
17.480000,3.553062
17.490000,3.558152
17.500000,3.558152
17.510000,3.550516
17.520000,3.540335
17.530000,3.537789
17.540000,3.519972
17.550000,3.509791
17.560000,3.507245
17.570000,3.499609
17.580000,3.479247
17.590000,3.476701
17.600000,3.458884
17.610000,3.425794
17.620000,3.410522
17.630000,3.395250
17.640000,3.354525
17.650000,3.341798
17.660000,3.303618
17.670000,3.273074
17.680000,3.245075
17.690000,3.191623
17.700000,3.161079
17.710000,3.102536
17.720000,3.069447
17.730000,3.021085
17.740000,2.982905
17.750000,2.952361
17.760000,2.934544
17.770000,2.898909
17.780000,2.858183
17.790000,2.827639
17.800000,2.807277
17.810000,2.784369
17.820000,2.766551
17.830000,2.758915
17.840000,2.751279
17.850000,2.743643
17.860000,2.743643
17.870000,2.743643
17.880000,2.736007
17.890000,2.725826
17.900000,2.725826
17.910000,2.736007
17.920000,2.736007
17.930000,2.738552
17.940000,2.743643
17.950000,2.746188
17.960000,2.751279
17.970000,2.753824
17.980000,2.756370
17.990000,2.756370
18.000000,2.761461
18.010000,2.761461
18.020000,2.766551
18.030000,2.756370
18.040000,2.758915
18.050000,2.781823
18.060000,2.784369
18.070000,2.784369
18.080000,2.797095
18.090000,2.784369
18.100000,2.797095
18.110000,2.807277
18.120000,2.804731
18.130000,2.799641
18.140000,2.794550
18.150000,2.794550
18.160000,2.807277
18.170000,2.812367
18.180000,2.812367
18.190000,2.817458
18.200000,2.817458
18.210000,2.817458
18.220000,2.817458
18.230000,2.827639
18.240000,2.827639
18.250000,2.832730
18.260000,2.832730
18.270000,2.845457
18.280000,2.855638
18.290000,2.891273
18.300000,2.926908
18.310000,2.970178
18.320000,3.010904
18.330000,3.041448
18.340000,3.092355
18.350000,3.153443
18.360000,3.219622
18.370000,3.273074
18.380000,3.321436
18.390000,3.364706
18.400000,3.415613
18.410000,3.458884
18.420000,3.489428
18.430000,3.517427
18.440000,3.537789
18.450000,3.550516
18.460000,3.558152
18.470000,3.558152
18.480000,3.565788
18.490000,3.553062
18.500000,3.550516
18.510000,3.540335
18.520000,3.535244
18.530000,3.527608
18.540000,3.517427
18.550000,3.517427
18.560000,3.509791
18.570000,3.486883
18.580000,3.474156
18.590000,3.453793
18.600000,3.428340
18.610000,3.413068
18.620000,3.382524
18.630000,3.372342
18.640000,3.329072
18.650000,3.303618
18.660000,3.290891
18.670000,3.257802
18.680000,3.224713
18.690000,3.199259
18.700000,3.153443
18.710000,3.120354
18.720000,3.084719
18.730000,3.038903
18.740000,3.013449
18.750000,2.985451
18.760000,2.959997
18.770000,2.954906
18.780000,2.919272
18.790000,2.906545
18.800000,2.878546
18.810000,2.860729
18.820000,2.845457
18.830000,2.825094
18.840000,2.812367
18.850000,2.814913
18.860000,2.799641
18.870000,2.792005
18.880000,2.786914
18.890000,2.776733
18.900000,2.784369
18.910000,2.784369
18.920000,2.784369
18.930000,2.774187
18.940000,2.774187
18.950000,2.774187
18.960000,2.764006
18.970000,2.779278
18.980000,2.774187
18.990000,2.764006
19.000000,2.758915
19.010000,2.766551
19.020000,2.764006
19.030000,2.771642
19.040000,2.764006
19.050000,2.756370
19.060000,2.764006
19.070000,2.761461
19.080000,2.756370
19.090000,2.766551
19.100000,2.756370
19.110000,2.761461
19.120000,2.758915
19.130000,2.753824
19.140000,2.764006
19.150000,2.756370
19.160000,2.738552
19.170000,2.728371
19.180000,2.728371
19.190000,2.705463
19.200000,2.690191
19.210000,2.690191
19.220000,2.677464
19.230000,2.685100
19.240000,2.677464
19.250000,2.674919
19.260000,2.682555
19.270000,2.685100
19.280000,2.697827
19.290000,2.702918
19.300000,2.733462
19.310000,2.766551
19.320000,2.804731
19.330000,2.840366
19.340000,2.888728
19.350000,2.934544
19.360000,2.985451
19.370000,3.028721
19.380000,3.069447
19.390000,3.130535
19.400000,3.173806
19.410000,3.222167
19.420000,3.255257
19.430000,3.290891
19.440000,3.321436
19.450000,3.346889
19.460000,3.377433
19.470000,3.397796
19.480000,3.418158
19.490000,3.438521
19.500000,3.451248
19.510000,3.463975
19.520000,3.471611
19.530000,3.479247
19.540000,3.491973
19.550000,3.499609
19.560000,3.494519
19.570000,3.497064
19.580000,3.502155
19.590000,3.489428
19.600000,3.479247
19.610000,3.463975
19.620000,3.458884
19.630000,3.435976
19.640000,3.415613
19.650000,3.410522
19.660000,3.385069
19.670000,3.364706
19.680000,3.336708
19.690000,3.321436
19.700000,3.293437
19.710000,3.278165
19.720000,3.245075
19.730000,3.206895
19.740000,3.186532
19.750000,3.158534
19.760000,3.122899
19.770000,3.094900
19.780000,3.064356
19.790000,3.031267
19.800000,2.990541
19.810000,2.954906
19.820000,2.921817
19.830000,2.916726
19.840000,2.906545
19.850000,2.881092
19.860000,2.873456
19.870000,2.868365
19.880000,2.868365
19.890000,2.855638
19.900000,2.840366
19.910000,2.845457
19.920000,2.827639
19.930000,2.827639
19.940000,2.822549
19.950000,2.825094
19.960000,2.830185
19.970000,2.825094
19.980000,2.825094
19.990000,2.830185
20.000000,2.840366
20.010000,2.830185
20.020000,2.832730
20.030000,2.830185
20.040000,2.832730
20.050000,2.827639
20.060000,2.825094
20.070000,2.832730
20.080000,2.842911
20.090000,2.837821
20.100000,2.840366
20.110000,2.842911
20.120000,2.853093
20.130000,2.848002
20.140000,2.853093
20.150000,2.853093
20.160000,2.853093
20.170000,2.853093
20.180000,2.850547
20.190000,2.848002
20.200000,2.848002
20.210000,2.845457
20.220000,2.848002
20.230000,2.865819
20.240000,2.881092
20.250000,2.898909
20.260000,2.921817
20.270000,2.965088
20.280000,2.998177
20.290000,3.041448
20.300000,3.097446
20.310000,3.158534
20.320000,3.209441
20.330000,3.252711
20.340000,3.301073
20.350000,3.326526
20.360000,3.369797
20.370000,3.423249
20.380000,3.458884
20.390000,3.476701
20.400000,3.499609
20.410000,3.517427
20.420000,3.530153
20.430000,3.542880
20.440000,3.550516
20.450000,3.558152
20.460000,3.558152
20.470000,3.547971
20.480000,3.545426
20.490000,3.558152
20.500000,3.550516
20.510000,3.532699
20.520000,3.525063
20.530000,3.525063
20.540000,3.509791
20.550000,3.504700
20.560000,3.479247
20.570000,3.466520
20.580000,3.466520
20.590000,3.456339
20.600000,3.435976
20.610000,3.402886
20.620000,3.379978
20.630000,3.357070
20.640000,3.336708
20.650000,3.313799
20.660000,3.293437
20.670000,3.273074
20.680000,3.247621
20.690000,3.227258
20.700000,3.214531
20.710000,3.178896
20.720000,3.163624
20.730000,3.133080
20.740000,3.107627
20.750000,3.079628
20.760000,3.051629
20.770000,3.028721
20.780000,3.015995
20.790000,2.990541
20.800000,2.977814
20.810000,2.952361
20.820000,2.937089
20.830000,2.909090
20.840000,2.883637
20.850000,2.860729
20.860000,2.837821
20.870000,2.827639
20.880000,2.799641
20.890000,2.779278
20.900000,2.769097
20.910000,2.756370
20.920000,2.751279
20.930000,2.743643
20.940000,2.725826
20.950000,2.713099
20.960000,2.710554
20.970000,2.705463
20.980000,2.685100
20.990000,2.687646
21.000000,2.667283
21.010000,2.672374
21.020000,2.669828
21.030000,2.672374
21.040000,2.674919
21.050000,2.680010
21.060000,2.695282
21.070000,2.695282
21.080000,2.705463
21.090000,2.715644
21.100000,2.718190
21.110000,2.733462
21.120000,2.743643
21.130000,2.756370
21.140000,2.774187
21.150000,2.794550
21.160000,2.827639
21.170000,2.837821
21.180000,2.848002
21.190000,2.858183
21.200000,2.883637
21.210000,2.898909
21.220000,2.919272
21.230000,2.957452
21.240000,3.000723
21.250000,3.041448
21.260000,3.094900
21.270000,3.138171
21.280000,3.171260
21.290000,3.204350
21.300000,3.234894
21.310000,3.255257
21.320000,3.280710
21.330000,3.311254
21.340000,3.341798
21.350000,3.354525
21.360000,3.387614
21.370000,3.405432
21.380000,3.420704
21.390000,3.441067
21.400000,3.448703
21.410000,3.463975
21.420000,3.481792
21.430000,3.484337
21.440000,3.489428
21.450000,3.489428
21.460000,3.489428
21.470000,3.491973
21.480000,3.481792
21.490000,3.491973
21.500000,3.491973
21.510000,3.484337
21.520000,3.476701
21.530000,3.463975
21.540000,3.456339
21.550000,3.448703
21.560000,3.430885
21.570000,3.425794
21.580000,3.410522
21.590000,3.395250
21.600000,3.372342
21.610000,3.367252
21.620000,3.344344
21.630000,3.329072
21.640000,3.308709
21.650000,3.293437
21.660000,3.270529
21.670000,3.245075
21.680000,3.224713
21.690000,3.196714
21.700000,3.166170
21.710000,3.133080
21.720000,3.115263
21.730000,3.082173
21.740000,3.061811
21.750000,3.031267
21.760000,3.015995
21.770000,2.993087
21.780000,2.970178
21.790000,2.937089
21.800000,2.911636
21.810000,2.881092
21.820000,2.868365
21.830000,2.848002
21.840000,2.840366
21.850000,2.837821
21.860000,2.822549
21.870000,2.820003
21.880000,2.809822
21.890000,2.802186
21.900000,2.792005
21.910000,2.784369
21.920000,2.786914
21.930000,2.766551
21.940000,2.764006
21.950000,2.769097
21.960000,2.766551
21.970000,2.766551
21.980000,2.779278
21.990000,2.786914
22.000000,2.792005
22.010000,2.797095
22.020000,2.807277
22.030000,2.820003
22.040000,2.817458
22.050000,2.825094
22.060000,2.845457
22.070000,2.855638
22.080000,2.868365
22.090000,2.886182
22.100000,2.906545
22.110000,2.916726
22.120000,2.939634
22.130000,2.962542
22.140000,2.998177
22.150000,3.028721
22.160000,3.056720
22.170000,3.082173
22.180000,3.099991
22.190000,3.112718
22.200000,3.150898
22.210000,3.186532
22.220000,3.222167
22.230000,3.262893
22.240000,3.283255
22.250000,3.326526
22.260000,3.367252
22.270000,3.397796
22.280000,3.420704
22.290000,3.453793
22.300000,3.458884
22.310000,3.491973
22.320000,3.509791
22.330000,3.517427
22.340000,3.517427
22.350000,3.517427
22.360000,3.507245
22.370000,3.504700
22.380000,3.484337
22.390000,3.474156
22.400000,3.453793
22.410000,3.446157
22.420000,3.438521
22.430000,3.423249
22.440000,3.407977
22.450000,3.390160
22.460000,3.385069
22.470000,3.354525
22.480000,3.336708
22.490000,3.323981
22.500000,3.301073
22.510000,3.280710
22.520000,3.262893
22.530000,3.239985
22.540000,3.211986
22.550000,3.183987
22.560000,3.166170
22.570000,3.140716
22.580000,3.110172
22.590000,3.079628
22.600000,3.051629
22.610000,3.021085
22.620000,2.962542
22.630000,2.919272
22.640000,2.893818
22.650000,2.865819
22.660000,2.832730
22.670000,2.822549
22.680000,2.797095
22.690000,2.786914
22.700000,2.769097
22.710000,2.774187
22.720000,2.774187
22.730000,2.769097
22.740000,2.779278
22.750000,2.779278
22.760000,2.776733
22.770000,2.771642
22.780000,2.774187
22.790000,2.771642
22.800000,2.784369
22.810000,2.794550
22.820000,2.792005
22.830000,2.807277
22.840000,2.814913
22.850000,2.812367
22.860000,2.817458
22.870000,2.827639
22.880000,2.835275
22.890000,2.848002
22.900000,2.845457
22.910000,2.840366
22.920000,2.858183
22.930000,2.865819
22.940000,2.858183
22.950000,2.863274
22.960000,2.860729
22.970000,2.870910
22.980000,2.891273
22.990000,2.901454
23.000000,2.929453
23.010000,2.944725
23.020000,2.970178
23.030000,3.008359
23.040000,3.051629
23.050000,3.099991
23.060000,3.140716
23.070000,3.161079
23.080000,3.186532
23.090000,3.214531
23.100000,3.237439
23.110000,3.265438
23.120000,3.275619
23.130000,3.290891
23.140000,3.311254
23.150000,3.323981
23.160000,3.336708
23.170000,3.341798
23.180000,3.336708
23.190000,3.331617
23.200000,3.331617
23.210000,3.334162
23.220000,3.336708
23.230000,3.344344
23.240000,3.346889
23.250000,3.339253
23.260000,3.341798
23.270000,3.329072
23.280000,3.326526
23.290000,3.326526
23.300000,3.321436
23.310000,3.318890
23.320000,3.311254
23.330000,3.306163
23.340000,3.293437
23.350000,3.273074
23.360000,3.265438
23.370000,3.255257
23.380000,3.232349
23.390000,3.209441
23.400000,3.189078
23.410000,3.153443
23.420000,3.125444
23.430000,3.107627
23.440000,3.077083
23.450000,3.051629
23.460000,3.028721
23.470000,2.982905
23.480000,2.952361
23.490000,2.901454
23.500000,2.868365
23.510000,2.848002
23.520000,2.812367
23.530000,2.771642
23.540000,2.746188
23.550000,2.723280
23.560000,2.697827
23.570000,2.682555
23.580000,2.664738
23.590000,2.641829
23.600000,2.644375
23.610000,2.601104
23.620000,2.565469
23.630000,2.540016
23.640000,2.522198
23.650000,2.509472
23.660000,2.496745
23.670000,2.499290
23.680000,2.491654
23.690000,2.486564
23.700000,2.499290
23.710000,2.501836
23.720000,2.506926
23.730000,2.494200
23.740000,2.496745
23.750000,2.486564
23.760000,2.494200
23.770000,2.491654
23.780000,2.489109
23.790000,2.491654
23.800000,2.494200
23.810000,2.489109
23.820000,2.486564
23.830000,2.489109
23.840000,2.491654
23.850000,2.481473
23.860000,2.484018
23.870000,2.489109
23.880000,2.486564
23.890000,2.481473
23.900000,2.473837
23.910000,2.478928
23.920000,2.484018
23.930000,2.484018
23.940000,2.489109
23.950000,2.489109
23.960000,2.484018
23.970000,2.481473
23.980000,2.473837
23.990000,2.481473
24.000000,2.484018
24.010000,2.476382
24.020000,2.478928
24.030000,2.481473
24.040000,2.481473
24.050000,2.478928
24.060000,2.481473
24.070000,2.481473
24.080000,2.484018
24.090000,2.484018
24.100000,2.486564
24.110000,2.527289
24.120000,2.593468
24.130000,2.677464
24.140000,2.743643
24.150000,2.794550
24.160000,2.820003
24.170000,2.830185
24.180000,2.832730
24.190000,2.830185
24.200000,2.832730
24.210000,2.827639
24.220000,2.848002
24.230000,2.898909
24.240000,2.949816
24.250000,3.010904
24.260000,3.061811
24.270000,3.102536
24.280000,3.135626
24.290000,3.168715
24.300000,3.204350
24.310000,3.227258
24.320000,3.245075
24.330000,3.247621
24.340000,3.262893
24.350000,3.273074
24.360000,3.285801
24.370000,3.306163
24.380000,3.321436
24.390000,3.336708
24.400000,3.354525
24.410000,3.354525
24.420000,3.346889
24.430000,3.336708
24.440000,3.326526
24.450000,3.311254
24.460000,3.285801
24.470000,3.280710
24.480000,3.255257
24.490000,3.224713
24.500000,3.189078
24.510000,3.153443
24.520000,3.127990
24.530000,3.089809
24.540000,3.041448
24.550000,3.000723
24.560000,2.949816
24.570000,2.906545
24.580000,2.855638
24.590000,2.812367
24.600000,2.784369
24.610000,2.764006
24.620000,2.743643
24.630000,2.736007
24.640000,2.718190
24.650000,2.705463
24.660000,2.690191
24.670000,2.680010
24.680000,2.680010
24.690000,2.680010
24.700000,2.685100
24.710000,2.674919
24.720000,2.685100
24.730000,2.710554
24.740000,2.708008
24.750000,2.708008
24.760000,2.718190
24.770000,2.718190
24.780000,2.708008
24.790000,2.713099
24.800000,2.710554
24.810000,2.702918
24.820000,2.705463
24.830000,2.713099
24.840000,2.715644
24.850000,2.700372
24.860000,2.702918
24.870000,2.702918
24.880000,2.695282
24.890000,2.695282
24.900000,2.687646
24.910000,2.685100
24.920000,2.685100
24.930000,2.692736
24.940000,2.690191
24.950000,2.695282
24.960000,2.697827
24.970000,2.695282
24.980000,2.695282
24.990000,2.700372
25.000000,2.713099
25.010000,2.708008
25.020000,2.702918
25.030000,2.710554
25.040000,2.713099
25.050000,2.713099
25.060000,2.718190
25.070000,2.713099
25.080000,2.713099
25.090000,2.710554
25.100000,2.713099
25.110000,2.720735
25.120000,2.725826
25.130000,2.728371
25.140000,2.738552
25.150000,2.751279
25.160000,2.764006
25.170000,2.784369
25.180000,2.807277
25.190000,2.835275
25.200000,2.865819
25.210000,2.886182
25.220000,2.931998
25.230000,2.980360
25.240000,3.066901
25.250000,3.143262
25.260000,3.222167
25.270000,3.301073
25.280000,3.372342
25.290000,3.423249
25.300000,3.471611
25.310000,3.489428
25.320000,3.507245
25.330000,3.517427
25.340000,3.407977
25.350000,3.211986
25.360000,3.201804
25.370000,3.189078
25.380000,3.191623
25.390000,3.201804
25.400000,3.122899
25.410000,3.000723
25.420000,2.756370
25.430000,2.664738
25.440000,2.649466
25.450000,2.626557
25.460000,2.626557
25.470000,2.624012
25.480000,2.606195
25.490000,2.611285
25.500000,2.596013
25.510000,2.593468
25.520000,2.598559
25.530000,2.588377
25.540000,2.585832
25.550000,2.575651
25.560000,2.580741
25.570000,2.570560
25.580000,2.568015
25.590000,2.560379
25.600000,2.560379
25.610000,2.547652
25.620000,2.550197
25.630000,2.547652
25.640000,2.532380
25.650000,2.534925
25.660000,2.514562
25.670000,2.514562
25.680000,2.499290
25.690000,2.489109
25.700000,2.491654
25.710000,2.491654
25.720000,2.481473
25.730000,2.481473
25.740000,2.486564
25.750000,2.491654
25.760000,2.486564
25.770000,2.478928
25.780000,2.489109
25.790000,2.484018
25.800000,2.491654
25.810000,2.478928
25.820000,2.481473
25.830000,2.489109
25.840000,2.481473
25.850000,2.481473
25.860000,2.489109
25.870000,2.481473
25.880000,2.481473
25.890000,2.481473
25.900000,2.481473
25.910000,2.481473
25.920000,2.481473
25.930000,2.478928
25.940000,2.478928
25.950000,2.478928
25.960000,2.473837
25.970000,2.478928
25.980000,2.481473
25.990000,2.570560
26.000000,2.677464
26.010000,2.761461
26.020000,2.840366
26.030000,2.898909
26.040000,2.926908
26.050000,2.942180
26.060000,2.970178
26.070000,2.990541
26.080000,3.000723
26.090000,3.008359
26.100000,3.021085
26.110000,3.038903
26.120000,3.051629
26.130000,3.064356
26.140000,3.092355
26.150000,3.120354
26.160000,3.155988
26.170000,3.196714
26.180000,3.245075
26.190000,3.273074
26.200000,3.303618
26.210000,3.326526
26.220000,3.346889
26.230000,3.369797
26.240000,3.400341
26.250000,3.428340
26.260000,3.435976
26.270000,3.451248
26.280000,3.469065
26.290000,3.469065
26.300000,3.476701
26.310000,3.484337
26.320000,3.486883
26.330000,3.489428
26.340000,3.489428
26.350000,3.479247
26.360000,3.474156
26.370000,3.463975
26.380000,3.448703
26.390000,3.435976
26.400000,3.410522
26.410000,3.395250
26.420000,3.362161
26.430000,3.336708
26.440000,3.293437
26.450000,3.260347
26.460000,3.227258
26.470000,3.194168
26.480000,3.166170
26.490000,3.125444
26.500000,3.089809
26.510000,3.061811
26.520000,3.021085
26.530000,2.987996
26.540000,2.952361
26.550000,2.909090
26.560000,2.873456
26.570000,2.837821
26.580000,2.804731
26.590000,2.779278
26.600000,2.756370
26.610000,2.741098
26.620000,2.738552
26.630000,2.736007
26.640000,2.736007
26.650000,2.743643
26.660000,2.741098
26.670000,2.743643
26.680000,2.743643
26.690000,2.743643
26.700000,2.756370
26.710000,2.766551
26.720000,2.779278
26.730000,2.786914
26.740000,2.807277
26.750000,2.820003
26.760000,2.827639
26.770000,2.835275
26.780000,2.850547
26.790000,2.848002
26.800000,2.855638
26.810000,2.873456
26.820000,2.873456
26.830000,2.868365
26.840000,2.876001
26.850000,2.873456
26.860000,2.873456
26.870000,2.865819
26.880000,2.863274
26.890000,2.858183
26.900000,2.860729
26.910000,2.853093
26.920000,2.858183
26.930000,2.855638
26.940000,2.855638
26.950000,2.855638
26.960000,2.850547
26.970000,2.848002
26.980000,2.840366
26.990000,2.845457
27.000000,2.848002
27.010000,2.865819
27.020000,2.904000
27.030000,2.926908
27.040000,2.942180
27.050000,2.957452
27.060000,2.980360
27.070000,3.000723
27.080000,3.018540
27.090000,3.061811
27.100000,3.120354
27.110000,3.161079
27.120000,3.189078
27.130000,3.211986
27.140000,3.234894
27.150000,3.257802
27.160000,3.283255
27.170000,3.313799
27.180000,3.339253
27.190000,3.374888
27.200000,3.405432
27.210000,3.428340
27.220000,3.458884
27.230000,3.491973
27.240000,3.512336
27.250000,3.540335
27.260000,3.545426
27.270000,3.547971
27.280000,3.555607
27.290000,3.560698
27.300000,3.558152
27.310000,3.550516
27.320000,3.540335
27.330000,3.517427
27.340000,3.509791
27.350000,3.479247
27.360000,3.463975
27.370000,3.435976
27.380000,3.397796
27.390000,3.362161
27.400000,3.316345
27.410000,3.273074
27.420000,3.224713
27.430000,3.191623
27.440000,3.135626
27.450000,3.092355
27.460000,3.051629
27.470000,3.015995
27.480000,2.972724
27.490000,2.914181
27.500000,2.873456
27.510000,2.837821
27.520000,2.799641
27.530000,2.758915
27.540000,2.736007
27.550000,2.710554
27.560000,2.702918
27.570000,2.695282
27.580000,2.687646
27.590000,2.695282
27.600000,2.695282
27.610000,2.692736
27.620000,2.692736
27.630000,2.690191
27.640000,2.685100
27.650000,2.690191
27.660000,2.677464
27.670000,2.672374
27.680000,2.672374
27.690000,2.685100
27.700000,2.677464
27.710000,2.690191
27.720000,2.695282
27.730000,2.697827
27.740000,2.708008
27.750000,2.705463
27.760000,2.718190
27.770000,2.736007
27.780000,2.730916
27.790000,2.748734
27.800000,2.756370
27.810000,2.761461
27.820000,2.764006
27.830000,2.774187
27.840000,2.764006
27.850000,2.774187
27.860000,2.774187
27.870000,2.779278
27.880000,2.797095
27.890000,2.804731
27.900000,2.799641
27.910000,2.812367
27.920000,2.817458
27.930000,2.827639
27.940000,2.820003
27.950000,2.832730
27.960000,2.835275
27.970000,2.835275
27.980000,2.845457
27.990000,2.840366
28.000000,2.853093
28.010000,2.853093
28.020000,2.858183
28.030000,2.865819
28.040000,2.886182
28.050000,2.888728
28.060000,2.919272
28.070000,2.931998
28.080000,2.957452
28.090000,2.990541
28.100000,3.021085
28.110000,3.077083
28.120000,3.110172
28.130000,3.155988
28.140000,3.211986
28.150000,3.234894
28.160000,3.273074
28.170000,3.318890
28.180000,3.351980
28.190000,3.397796
28.200000,3.430885
28.210000,3.469065
28.220000,3.499609
28.230000,3.537789
28.240000,3.550516
28.250000,3.560698
28.260000,3.578515
28.270000,3.575970
28.280000,3.573424
28.290000,3.570879
28.300000,3.560698
28.310000,3.535244
28.320000,3.527608
28.330000,3.517427
28.340000,3.491973
28.350000,3.476701
28.360000,3.458884
28.370000,3.438521
28.380000,3.410522
28.390000,3.379978
28.400000,3.357070
28.410000,3.326526
28.420000,3.295982
28.430000,3.267983
28.440000,3.237439
28.450000,3.194168
28.460000,3.145807
28.470000,3.097446
28.480000,3.051629
28.490000,2.998177
28.500000,2.949816
28.510000,2.896364
28.520000,2.850547
28.530000,2.804731
28.540000,2.774187
28.550000,2.753824
28.560000,2.743643
28.570000,2.725826
28.580000,2.705463
28.590000,2.702918
28.600000,2.700372
28.610000,2.685100
28.620000,2.677464
28.630000,2.685100
28.640000,2.674919
28.650000,2.669828
28.660000,2.669828
28.670000,2.672374
28.680000,2.677464
28.690000,2.682555
28.700000,2.692736
28.710000,2.692736
28.720000,2.690191
28.730000,2.695282
28.740000,2.700372
28.750000,2.702918
28.760000,2.695282
28.770000,2.702918
28.780000,2.697827
28.790000,2.695282
28.800000,2.700372
28.810000,2.715644
28.820000,2.718190
28.830000,2.720735
28.840000,2.733462
28.850000,2.746188
28.860000,2.753824
28.870000,2.748734
28.880000,2.756370
28.890000,2.766551
28.900000,2.776733
28.910000,2.779278
28.920000,2.779278
28.930000,2.781823
28.940000,2.784369
28.950000,2.784369
28.960000,2.792005
28.970000,2.789459
28.980000,2.792005
28.990000,2.799641
29.000000,2.799641
29.010000,2.807277
29.020000,2.797095
29.030000,2.802186
29.040000,2.817458
29.050000,2.840366
29.060000,2.886182
29.070000,2.942180
29.080000,3.010904
29.090000,3.092355
29.100000,3.145807
29.110000,3.194168
29.120000,3.229803
29.130000,3.275619
29.140000,3.306163
29.150000,3.346889
29.160000,3.382524
29.170000,3.402886
29.180000,3.430885
29.190000,3.443612
29.200000,3.456339
29.210000,3.463975
29.220000,3.466520
29.230000,3.476701
29.240000,3.474156
29.250000,3.479247
29.260000,3.479247
29.270000,3.466520
29.280000,3.456339
29.290000,3.441067
29.300000,3.428340
29.310000,3.418158
29.320000,3.390160
29.330000,3.364706
29.340000,3.334162
29.350000,3.295982
29.360000,3.265438
29.370000,3.227258
29.380000,3.191623
29.390000,3.163624
29.400000,3.120354
29.410000,3.082173
29.420000,3.041448
29.430000,3.008359
29.440000,2.970178
29.450000,2.937089
29.460000,2.909090
29.470000,2.878546
29.480000,2.840366
29.490000,2.807277
29.500000,2.781823
29.510000,2.753824
29.520000,2.725826
29.530000,2.715644
29.540000,2.702918
29.550000,2.695282
29.560000,2.685100
29.570000,2.687646
29.580000,2.677464
29.590000,2.677464
29.600000,2.680010
29.610000,2.672374
29.620000,2.662192
29.630000,2.664738
29.640000,2.662192
29.650000,2.662192
29.660000,2.664738
29.670000,2.662192
29.680000,2.654556
29.690000,2.654556
29.700000,2.659647
29.710000,2.672374
29.720000,2.674919
29.730000,2.669828
29.740000,2.674919
29.750000,2.682555
29.760000,2.682555
29.770000,2.695282
29.780000,2.697827
29.790000,2.718190
29.800000,2.736007
29.810000,2.736007
29.820000,2.741098
29.830000,2.743643
29.840000,2.756370
29.850000,2.766551
29.860000,2.784369
29.870000,2.797095
29.880000,2.814913
29.890000,2.825094
29.900000,2.845457
29.910000,2.868365
29.920000,2.878546
29.930000,2.898909
29.940000,2.906545
29.950000,2.939634
29.960000,2.977814
29.970000,3.031267
29.980000,3.097446
29.990000,3.158534
30.000000,3.211986
30.010000,3.257802
30.020000,3.288346
30.030000,3.321436
30.040000,3.344344
30.050000,3.369797
30.060000,3.390160
30.070000,3.400341
30.080000,3.413068
30.090000,3.423249
30.100000,3.418158
30.110000,3.418158
30.120000,3.418158
30.130000,3.405432
30.140000,3.395250
30.150000,3.382524
30.160000,3.367252
30.170000,3.346889
30.180000,3.336708
30.190000,3.318890
30.200000,3.301073
30.210000,3.273074
30.220000,3.247621
30.230000,3.229803
30.240000,3.206895
30.250000,3.181442
30.260000,3.140716
30.270000,3.112718
30.280000,3.082173
30.290000,3.043993
30.300000,3.013449
30.310000,2.987996
30.320000,2.957452
30.330000,2.926908
30.340000,2.909090
30.350000,2.898909
30.360000,2.865819
30.370000,2.858183
30.380000,2.840366
30.390000,2.827639
30.400000,2.807277
30.410000,2.794550
30.420000,2.774187
30.430000,2.776733
30.440000,2.758915
30.450000,2.758915
30.460000,2.748734
30.470000,2.743643
30.480000,2.746188
30.490000,2.736007
30.500000,2.738552
30.510000,2.733462
30.520000,2.730916
30.530000,2.733462
30.540000,2.728371
30.550000,2.723280
30.560000,2.723280
30.570000,2.733462
30.580000,2.736007
30.590000,2.728371
30.600000,2.723280
30.610000,2.730916
30.620000,2.728371
30.630000,2.733462
30.640000,2.736007
30.650000,2.736007
30.660000,2.736007
30.670000,2.736007
30.680000,2.738552
30.690000,2.756370
30.700000,2.766551
30.710000,2.761461
30.720000,2.764006
30.730000,2.776733
30.740000,2.774187
30.750000,2.784369
30.760000,2.792005
30.770000,2.799641
30.780000,2.817458
30.790000,2.820003
30.800000,2.835275
30.810000,2.840366
30.820000,2.855638
30.830000,2.873456
30.840000,2.901454
30.850000,2.906545
30.860000,2.939634
30.870000,2.970178
30.880000,3.000723
30.890000,3.036357
30.900000,3.059265
30.910000,3.105082
30.920000,3.150898
30.930000,3.204350
30.940000,3.250166
30.950000,3.295982
30.960000,3.354525
30.970000,3.407977
30.980000,3.423249
30.990000,3.438521
31.000000,3.466520
31.010000,3.479247
31.020000,3.497064
31.030000,3.504700
31.040000,3.507245
31.050000,3.499609
31.060000,3.491973
31.070000,3.491973
31.080000,3.489428
31.090000,3.471611
31.100000,3.458884
31.110000,3.446157
31.120000,3.423249
31.130000,3.405432
31.140000,3.379978
31.150000,3.349434
31.160000,3.316345
31.170000,3.293437
31.180000,3.273074
31.190000,3.237439
31.200000,3.211986
31.210000,3.191623
31.220000,3.171260
31.230000,3.143262
31.240000,3.105082
31.250000,3.079628
31.260000,3.069447
31.270000,3.036357
31.280000,3.021085
31.290000,3.000723
31.300000,2.980360
31.310000,2.962542
31.320000,2.939634
31.330000,2.919272
31.340000,2.898909
31.350000,2.891273
31.360000,2.878546
31.370000,2.858183
31.380000,2.840366
31.390000,2.830185
31.400000,2.825094
31.410000,2.804731
31.420000,2.807277
31.430000,2.792005
31.440000,2.792005
31.450000,2.784369
31.460000,2.792005
31.470000,2.781823
31.480000,2.784369
31.490000,2.779278
31.500000,2.774187
31.510000,2.784369
31.520000,2.784369
31.530000,2.786914
31.540000,2.786914
31.550000,2.779278
31.560000,2.792005
31.570000,2.789459
31.580000,2.781823
31.590000,2.797095
31.600000,2.799641
31.610000,2.812367
31.620000,2.812367
31.630000,2.820003
31.640000,2.827639
31.650000,2.848002
31.660000,2.855638
31.670000,2.865819
31.680000,2.876001
31.690000,2.891273
31.700000,2.893818
31.710000,2.901454
31.720000,2.893818
31.730000,2.898909
31.740000,2.906545
31.750000,2.906545
31.760000,2.919272
31.770000,2.919272
31.780000,2.914181
31.790000,2.919272
31.800000,2.926908
31.810000,2.937089
31.820000,2.934544
31.830000,2.937089
31.840000,2.942180
31.850000,2.942180
31.860000,2.954906
31.870000,2.980360
31.880000,2.998177
31.890000,3.031267
31.900000,3.049084
31.910000,3.092355
31.920000,3.125444
31.930000,3.171260
31.940000,3.214531
31.950000,3.265438
31.960000,3.306163
31.970000,3.336708
31.980000,3.367252
31.990000,3.392705
32.000000,3.418158
32.010000,3.438521
32.020000,3.453793
32.030000,3.471611
32.040000,3.489428
32.050000,3.509791
32.060000,3.525063
32.070000,3.532699
32.080000,3.537789
32.090000,3.532699
32.100000,3.537789
32.110000,3.527608
32.120000,3.525063
32.130000,3.509791
32.140000,3.497064
32.150000,3.476701
32.160000,3.453793
32.170000,3.435976
32.180000,3.407977
32.190000,3.377433
32.200000,3.336708
32.210000,3.303618
32.220000,3.267983
32.230000,3.245075
32.240000,3.214531
32.250000,3.191623
32.260000,3.168715
32.270000,3.145807
32.280000,3.120354
32.290000,3.112718
32.300000,3.099991
32.310000,3.074537
32.320000,3.051629
32.330000,3.023631
32.340000,3.013449
32.350000,3.000723
32.360000,3.000723
32.370000,2.998177
32.380000,2.990541
32.390000,2.987996
32.400000,2.977814
32.410000,2.975269
32.420000,2.970178
32.430000,2.967633
32.440000,2.975269
32.450000,2.977814
32.460000,2.977814
32.470000,2.975269
32.480000,2.959997
32.490000,2.954906
32.500000,2.942180
32.510000,2.931998
32.520000,2.929453
32.530000,2.926908
32.540000,2.921817
32.550000,2.909090
32.560000,2.906545
32.570000,2.901454
32.580000,2.901454
32.590000,2.898909
32.600000,2.904000
32.610000,2.898909
32.620000,2.896364
32.630000,2.898909
32.640000,2.896364
32.650000,2.898909
32.660000,2.888728
32.670000,2.896364
32.680000,2.898909
32.690000,2.896364
32.700000,2.896364
32.710000,2.893818
32.720000,2.886182
32.730000,2.893818
32.740000,2.891273
32.750000,2.898909
32.760000,2.921817
32.770000,2.975269
32.780000,3.013449
32.790000,3.069447
32.800000,3.122899
32.810000,3.186532
32.820000,3.247621
32.830000,3.303618
32.840000,3.351980
32.850000,3.390160
32.860000,3.418158
32.870000,3.430885
32.880000,3.443612
32.890000,3.446157
32.900000,3.448703
32.910000,3.448703
32.920000,3.425794
32.930000,3.415613
32.940000,3.407977
32.950000,3.400341
32.960000,3.377433
32.970000,3.346889
32.980000,3.321436
32.990000,3.285801
33.000000,3.265438
33.010000,3.224713
33.020000,3.183987
33.030000,3.166170
33.040000,3.138171
33.050000,3.127990
33.060000,3.092355
33.070000,3.064356
33.080000,3.059265
33.090000,3.041448
33.100000,3.026176
33.110000,3.008359
33.120000,2.980360
33.130000,2.954906
33.140000,2.931998
33.150000,2.924362
33.160000,2.906545
33.170000,2.886182
33.180000,2.860729
33.190000,2.840366
33.200000,2.827639
33.210000,2.812367
33.220000,2.794550
33.230000,2.786914
33.240000,2.781823
33.250000,2.766551
33.260000,2.766551
33.270000,2.756370
33.280000,2.758915
33.290000,2.769097
33.300000,2.774187
33.310000,2.789459
33.320000,2.799641
33.330000,2.804731
33.340000,2.807277
33.350000,2.812367
33.360000,2.814913
33.370000,2.794550
33.380000,2.797095
33.390000,2.792005
33.400000,2.784369
33.410000,2.774187
33.420000,2.766551
33.430000,2.756370
33.440000,2.733462
33.450000,2.730916
33.460000,2.725826
33.470000,2.730916
33.480000,2.715644
33.490000,2.723280
33.500000,2.741098
33.510000,2.743643
33.520000,2.764006
33.530000,2.789459
33.540000,2.817458
33.550000,2.853093
33.560000,2.888728
33.570000,2.904000
33.580000,2.957452
33.590000,3.010904
33.600000,3.077083
33.610000,3.102536
33.620000,3.148352
33.630000,3.171260
33.640000,3.183987
33.650000,3.206895
33.660000,3.204350
33.670000,3.209441
33.680000,3.232349
33.690000,3.262893
33.700000,3.308709
33.710000,3.344344
33.720000,3.367252
33.730000,3.395250
33.740000,3.428340
33.750000,3.413068
33.760000,3.397796
33.770000,3.400341
33.780000,3.387614
33.790000,3.377433
33.800000,3.377433
33.810000,3.382524
33.820000,3.379978
33.830000,3.359616
33.840000,3.336708
33.850000,3.321436
33.860000,3.285801
33.870000,3.255257
33.880000,3.183987
33.890000,3.130535
33.900000,3.082173
33.910000,3.023631
33.920000,2.965088
33.930000,2.906545
33.940000,2.855638
33.950000,2.804731
33.960000,2.766551
33.970000,2.728371
33.980000,2.710554
33.990000,2.685100
34.000000,2.685100
34.010000,2.690191
34.020000,2.680010
34.030000,2.690191
34.040000,2.705463
34.050000,2.710554
34.060000,2.702918
34.070000,2.723280
34.080000,2.720735
34.090000,2.730916
34.100000,2.725826
34.110000,2.738552
34.120000,2.733462
34.130000,2.728371
34.140000,2.725826
34.150000,2.723280
34.160000,2.715644
34.170000,2.702918
34.180000,2.685100
34.190000,2.685100
34.200000,2.682555
34.210000,2.685100
34.220000,2.674919
34.230000,2.685100
34.240000,2.674919
34.250000,2.667283
34.260000,2.674919
34.270000,2.672374
34.280000,2.674919
34.290000,2.682555
34.300000,2.685100
34.310000,2.692736
34.320000,2.708008
34.330000,2.725826
34.340000,2.741098
34.350000,2.756370
34.360000,2.766551
34.370000,2.789459
34.380000,2.781823
34.390000,2.786914
34.400000,2.789459
34.410000,2.794550
34.420000,2.792005
34.430000,2.779278
34.440000,2.781823
34.450000,2.789459
34.460000,2.792005
34.470000,2.825094
34.480000,2.860729
34.490000,2.876001
34.500000,2.906545
34.510000,2.975269
34.520000,3.028721
34.530000,3.102536
34.540000,3.181442
34.550000,3.273074
34.560000,3.346889
34.570000,3.392705
34.580000,3.425794
34.590000,3.448703
34.600000,3.446157
34.610000,3.446157
34.620000,3.446157
34.630000,3.428340
34.640000,3.405432
34.650000,3.374888
34.660000,3.354525
34.670000,3.354525
34.680000,3.326526
34.690000,3.301073
34.700000,3.252711
34.710000,3.214531
34.720000,3.186532
34.730000,3.153443
34.740000,3.099991
34.750000,3.038903
34.760000,3.003268
34.770000,2.949816
34.780000,2.898909
34.790000,2.855638
34.800000,2.799641
34.810000,2.753824
34.820000,2.710554
34.830000,2.705463
34.840000,2.702918
34.850000,2.705463
34.860000,2.700372
34.870000,2.702918
34.880000,2.705463
34.890000,2.715644
34.900000,2.710554
34.910000,2.718190
34.920000,2.718190
34.930000,2.730916
34.940000,2.743643
34.950000,2.751279
34.960000,2.764006
34.970000,2.776733
34.980000,2.781823
34.990000,2.784369
35.000000,2.779278
35.010000,2.784369
35.020000,2.766551
35.030000,2.779278
35.040000,2.756370
35.050000,2.736007
35.060000,2.746188
35.070000,2.743643
35.080000,2.736007
35.090000,2.725826
35.100000,2.715644
35.110000,2.723280
35.120000,2.728371
35.130000,2.728371
35.140000,2.736007
35.150000,2.715644
35.160000,2.718190
35.170000,2.725826
35.180000,2.723280
35.190000,2.723280
35.200000,2.720735
35.210000,2.730916
35.220000,2.736007
35.230000,2.743643
35.240000,2.736007
35.250000,2.723280
35.260000,2.728371
35.270000,2.723280
35.280000,2.720735
35.290000,2.713099
35.300000,2.702918
35.310000,2.710554
35.320000,2.702918
35.330000,2.723280
35.340000,2.713099
35.350000,2.715644
35.360000,2.713099
35.370000,2.702918
35.380000,2.710554
35.390000,2.715644
35.400000,2.725826
35.410000,2.756370
35.420000,2.786914
35.430000,2.812367
35.440000,2.848002
35.450000,2.878546
35.460000,2.926908
35.470000,2.980360
35.480000,3.023631
35.490000,3.056720
35.500000,3.066901
35.510000,3.064356
35.520000,3.069447
35.530000,3.092355
35.540000,3.102536
35.550000,3.115263
35.560000,3.105082
35.570000,3.105082
35.580000,3.110172
35.590000,3.110172
35.600000,3.097446
35.610000,3.105082
35.620000,3.102536
35.630000,3.112718
35.640000,3.120354
35.650000,3.135626
35.660000,3.150898
35.670000,3.150898
35.680000,3.125444
35.690000,3.122899
35.700000,3.110172
35.710000,3.117808
35.720000,3.097446
35.730000,3.071992
35.740000,3.056720
35.750000,3.038903
35.760000,3.026176
35.770000,2.987996
35.780000,2.957452
35.790000,2.947270
35.800000,2.929453
35.810000,2.906545
35.820000,2.881092
35.830000,2.840366
35.840000,2.820003
35.850000,2.804731
35.860000,2.807277
35.870000,2.792005
35.880000,2.776733
35.890000,2.774187
35.900000,2.758915
35.910000,2.751279
35.920000,2.753824
35.930000,2.756370
35.940000,2.761461
35.950000,2.766551
35.960000,2.756370
35.970000,2.741098
35.980000,2.738552
35.990000,2.748734
36.000000,2.751279
36.010000,2.756370
36.020000,2.753824
36.030000,2.741098
36.040000,2.736007
36.050000,2.723280
36.060000,2.730916
36.070000,2.736007
36.080000,2.736007
36.090000,2.741098
36.100000,2.725826
36.110000,2.720735
36.120000,2.718190
36.130000,2.733462
36.140000,2.720735
36.150000,2.718190
36.160000,2.720735
36.170000,2.725826
36.180000,2.733462
36.190000,2.756370
36.200000,2.753824
36.210000,2.758915
36.220000,2.743643
36.230000,2.741098
36.240000,2.761461
36.250000,2.774187
36.260000,2.776733
36.270000,2.784369
36.280000,2.835275
36.290000,2.842911
36.300000,2.865819
36.310000,2.914181
36.320000,2.952361
36.330000,3.021085
36.340000,3.092355
36.350000,3.166170
36.360000,3.211986
36.370000,3.255257
36.380000,3.283255
36.390000,3.303618
36.400000,3.303618
36.410000,3.336708
36.420000,3.308709
36.430000,3.331617
36.440000,3.316345
36.450000,3.326526
36.460000,3.301073
36.470000,3.295982
36.480000,3.267983
36.490000,3.250166
36.500000,3.222167
36.510000,3.186532
36.520000,3.153443
36.530000,3.110172
36.540000,3.071992
36.550000,3.023631
36.560000,2.957452
36.570000,2.888728
36.580000,2.840366
36.590000,2.794550
36.600000,2.764006
36.610000,2.725826
36.620000,2.702918
36.630000,2.697827
36.640000,2.685100
36.650000,2.692736
36.660000,2.682555
36.670000,2.680010
36.680000,2.685100
36.690000,2.695282
36.700000,2.710554
36.710000,2.730916
36.720000,2.738552
36.730000,2.756370
36.740000,2.743643
36.750000,2.738552
36.760000,2.733462
36.770000,2.741098
36.780000,2.736007
36.790000,2.736007
36.800000,2.730916
36.810000,2.718190
36.820000,2.705463
36.830000,2.710554
36.840000,2.702918
36.850000,2.702918
36.860000,2.713099
36.870000,2.715644
36.880000,2.718190
36.890000,2.705463
36.900000,2.702918
36.910000,2.708008
36.920000,2.695282
36.930000,2.708008
36.940000,2.705463
36.950000,2.715644
36.960000,2.725826
36.970000,2.733462
36.980000,2.743643
36.990000,2.774187
37.000000,2.781823
37.010000,2.792005
37.020000,2.792005
37.030000,2.794550
37.040000,2.804731
37.050000,2.812367
37.060000,2.812367
37.070000,2.837821
37.080000,2.832730
37.090000,2.868365
37.100000,2.881092
37.110000,2.939634
37.120000,2.970178
37.130000,3.023631
37.140000,3.069447
37.150000,3.125444
37.160000,3.163624
37.170000,3.209441
37.180000,3.255257
37.190000,3.295982
37.200000,3.311254
37.210000,3.334162
37.220000,3.364706
37.230000,3.372342
37.240000,3.369797
37.250000,3.334162
37.260000,3.346889
37.270000,3.346889
37.280000,3.326526
37.290000,3.295982
37.300000,3.275619
37.310000,3.265438
37.320000,3.267983
37.330000,3.242530
37.340000,3.214531
37.350000,3.186532
37.360000,3.150898
37.370000,3.102536
37.380000,3.069447
37.390000,3.046539
37.400000,3.000723
37.410000,2.970178
37.420000,2.937089
37.430000,2.878546
37.440000,2.848002
37.450000,2.812367
37.460000,2.786914
37.470000,2.786914
37.480000,2.779278
37.490000,2.748734
37.500000,2.756370
37.510000,2.756370
37.520000,2.746188
37.530000,2.718190
37.540000,2.718190
37.550000,2.725826
37.560000,2.736007
37.570000,2.723280
37.580000,2.720735
37.590000,2.748734
37.600000,2.769097
37.610000,2.761461
37.620000,2.761461
37.630000,2.751279
37.640000,2.758915
37.650000,2.756370
37.660000,2.766551
37.670000,2.751279
37.680000,2.756370
37.690000,2.753824
37.700000,2.756370
37.710000,2.753824
37.720000,2.766551
37.730000,2.774187
37.740000,2.771642
37.750000,2.756370
37.760000,2.771642
37.770000,2.807277
37.780000,2.814913
37.790000,2.820003
37.800000,2.842911
37.810000,2.876001
37.820000,2.916726
37.830000,2.954906
37.840000,2.970178
37.850000,2.990541
37.860000,3.023631
37.870000,3.087264
37.880000,3.105082
37.890000,3.130535
37.900000,3.155988
37.910000,3.199259
37.920000,3.224713
37.930000,3.257802
37.940000,3.265438
37.950000,3.260347
37.960000,3.303618
37.970000,3.313799
37.980000,3.321436
37.990000,3.354525
38.000000,3.369797
38.010000,3.387614
38.020000,3.395250
38.030000,3.435976
38.040000,3.443612
38.050000,3.435976
38.060000,3.446157
38.070000,3.461429
38.080000,3.446157
38.090000,3.410522
38.100000,3.415613
38.110000,3.438521
38.120000,3.405432
38.130000,3.402886
38.140000,3.372342
38.150000,3.344344
38.160000,3.288346
38.170000,3.283255
38.180000,3.265438
38.190000,3.232349
38.200000,3.209441
38.210000,3.150898
38.220000,3.133080
38.230000,3.097446
38.240000,3.069447
38.250000,3.028721
38.260000,2.993087
38.270000,2.954906
38.280000,2.924362
38.290000,2.906545
38.300000,2.878546
38.310000,2.853093
38.320000,2.837821
38.330000,2.809822
38.340000,2.799641
38.350000,2.792005
38.360000,2.786914
38.370000,2.774187
38.380000,2.769097
38.390000,2.756370
38.400000,2.758915
38.410000,2.758915
38.420000,2.766551
38.430000,2.766551
38.440000,2.764006
38.450000,2.736007
38.460000,2.736007
38.470000,2.723280
38.480000,2.738552
38.490000,2.733462
38.500000,2.736007
38.510000,2.736007
38.520000,2.743643
38.530000,2.725826
38.540000,2.725826
38.550000,2.725826
38.560000,2.720735
38.570000,2.733462
38.580000,2.741098
38.590000,2.779278
38.600000,2.797095
38.610000,2.799641
38.620000,2.827639
38.630000,2.825094
38.640000,2.848002
38.650000,2.881092
38.660000,2.906545
38.670000,2.939634
38.680000,2.957452
38.690000,2.982905
38.700000,3.010904
38.710000,3.023631
38.720000,3.056720
38.730000,3.082173
38.740000,3.120354
38.750000,3.171260
38.760000,3.211986
38.770000,3.257802
38.780000,3.313799
38.790000,3.341798
38.800000,3.407977
38.810000,3.448703
38.820000,3.466520
38.830000,3.507245
38.840000,3.512336
38.850000,3.504700
38.860000,3.494519
38.870000,3.486883
38.880000,3.458884
38.890000,3.428340
38.900000,3.413068
38.910000,3.446157
38.920000,3.405432
38.930000,3.387614
38.940000,3.362161
38.950000,3.323981
38.960000,3.285801
38.970000,3.227258
38.980000,3.166170
38.990000,3.120354
39.000000,3.064356
39.010000,2.977814
39.020000,2.898909
39.030000,2.837821
39.040000,2.786914
39.050000,2.713099
39.060000,2.657102
39.070000,2.644375
39.080000,2.629103
39.090000,2.601104
39.100000,2.578196
39.110000,2.560379
39.120000,2.573105
39.130000,2.624012
39.140000,2.697827
39.150000,2.738552
39.160000,2.758915
39.170000,2.797095
39.180000,2.812367
39.190000,2.807277
39.200000,2.789459
39.210000,2.794550
39.220000,2.784369
39.230000,2.794550
39.240000,2.814913
39.250000,2.812367
39.260000,2.807277
39.270000,2.807277
39.280000,2.804731
39.290000,2.837821
39.300000,2.855638
39.310000,2.858183
39.320000,2.865819
39.330000,2.855638
39.340000,2.858183
39.350000,2.860729
39.360000,2.873456
39.370000,2.891273
39.380000,2.898909
39.390000,2.888728
39.400000,2.886182
39.410000,2.881092
39.420000,2.878546
39.430000,2.914181
39.440000,2.911636
39.450000,2.896364
39.460000,2.891273
39.470000,2.868365
39.480000,2.853093
39.490000,2.873456
39.500000,2.855638
39.510000,2.855638
39.520000,2.858183
39.530000,2.865819
39.540000,2.893818
39.550000,2.934544
39.560000,2.998177
39.570000,3.023631
39.580000,3.059265
39.590000,3.089809
39.600000,3.112718
39.610000,3.166170
39.620000,3.211986
39.630000,3.260347
39.640000,3.295982
39.650000,3.303618
39.660000,3.311254
39.670000,3.357070
39.680000,3.377433
39.690000,3.367252
39.700000,3.382524
39.710000,3.369797
39.720000,3.364706
39.730000,3.336708
39.740000,3.318890
39.750000,3.313799
39.760000,3.280710
39.770000,3.255257
39.780000,3.222167
39.790000,3.133080
39.800000,3.079628
39.810000,3.041448
39.820000,2.977814
39.830000,2.937089
39.840000,2.876001
39.850000,2.842911
39.860000,2.797095
39.870000,2.771642
39.880000,2.748734
39.890000,2.725826
39.900000,2.708008
39.910000,2.674919
39.920000,2.667283
39.930000,2.657102
39.940000,2.667283
39.950000,2.659647
39.960000,2.662192
39.970000,2.664738
39.980000,2.662192
39.990000,2.685100
40.000000,2.674919
40.010000,2.697827
40.020000,2.705463
40.030000,2.710554
40.040000,2.713099
40.050000,2.690191
40.060000,2.690191
40.070000,2.695282
40.080000,2.692736
40.090000,2.715644
40.100000,2.702918
40.110000,2.708008
40.120000,2.715644
40.130000,2.725826
40.140000,2.725826
40.150000,2.702918
40.160000,2.705463
40.170000,2.710554
40.180000,2.725826
40.190000,2.715644
40.200000,2.733462
40.210000,2.756370
40.220000,2.781823
40.230000,2.784369
40.240000,2.807277
40.250000,2.837821
40.260000,2.848002
40.270000,2.906545
40.280000,2.975269
40.290000,3.018540
40.300000,3.071992
40.310000,3.171260
40.320000,3.239985
40.330000,3.262893
40.340000,3.273074
40.350000,3.326526
40.360000,3.336708
40.370000,3.341798
40.380000,3.367252
40.390000,3.423249
40.400000,3.425794
40.410000,3.456339
40.420000,3.466520
40.430000,3.428340
40.440000,3.397796
40.450000,3.395250
40.460000,3.385069
40.470000,3.346889
40.480000,3.331617
40.490000,3.323981
40.500000,3.311254
40.510000,3.303618
40.520000,3.275619
40.530000,3.214531
40.540000,3.163624
40.550000,3.125444
40.560000,3.079628
40.570000,3.023631
40.580000,2.980360
40.590000,2.947270
40.600000,2.893818
40.610000,2.855638
40.620000,2.807277
40.630000,2.751279
40.640000,2.705463
40.650000,2.690191
40.660000,2.682555
40.670000,2.685100
40.680000,2.687646
40.690000,2.672374
40.700000,2.674919
40.710000,2.674919
40.720000,2.702918
40.730000,2.697827
40.740000,2.715644
40.750000,2.700372
40.760000,2.695282
40.770000,2.715644
40.780000,2.736007
40.790000,2.736007
40.800000,2.736007
40.810000,2.733462
40.820000,2.736007
40.830000,2.766551
40.840000,2.764006
40.850000,2.748734
40.860000,2.751279
40.870000,2.741098
40.880000,2.753824
40.890000,2.756370
40.900000,2.753824
40.910000,2.751279
40.920000,2.764006
40.930000,2.743643
40.940000,2.766551
40.950000,2.794550
40.960000,2.814913
40.970000,2.797095
40.980000,2.807277
40.990000,2.817458
41.000000,2.827639
41.010000,2.837821
41.020000,2.865819
41.030000,2.855638
41.040000,2.850547
41.050000,2.876001
41.060000,2.873456
41.070000,2.876001
41.080000,2.888728
41.090000,2.901454
41.100000,2.909090
41.110000,2.914181
41.120000,2.939634
41.130000,2.977814
41.140000,2.980360
41.150000,2.982905
41.160000,2.995632
41.170000,3.021085
41.180000,3.018540
41.190000,3.051629
41.200000,3.082173
41.210000,3.107627
41.220000,3.138171
41.230000,3.191623
41.240000,3.234894
41.250000,3.267983
41.260000,3.303618
41.270000,3.329072
41.280000,3.341798
41.290000,3.369797
41.300000,3.395250
41.310000,3.405432
41.320000,3.387614
41.330000,3.395250
41.340000,3.402886
41.350000,3.369797
41.360000,3.344344
41.370000,3.323981
41.380000,3.323981
41.390000,3.316345
41.400000,3.285801
41.410000,3.255257
41.420000,3.214531
41.430000,3.163624
41.440000,3.117808
41.450000,3.102536
41.460000,3.064356
41.470000,2.987996
41.480000,2.959997
41.490000,2.944725
41.500000,2.939634
41.510000,2.919272
41.520000,2.881092
41.530000,2.873456
41.540000,2.860729
41.550000,2.888728
41.560000,2.865819
41.570000,2.845457
41.580000,2.855638
41.590000,2.876001
41.600000,2.906545
41.610000,2.909090
41.620000,2.914181
41.630000,2.896364
41.640000,2.904000
41.650000,2.914181
41.660000,2.919272
41.670000,2.904000
41.680000,2.888728
41.690000,2.929453
41.700000,2.911636
41.710000,2.891273
41.720000,2.873456
41.730000,2.855638
41.740000,2.832730
41.750000,2.840366
41.760000,2.837821
41.770000,2.817458
41.780000,2.820003
41.790000,2.820003
41.800000,2.840366
41.810000,2.853093
41.820000,2.835275
41.830000,2.835275
41.840000,2.840366
41.850000,2.868365
41.860000,2.893818
41.870000,2.909090
41.880000,2.921817
41.890000,2.937089
41.900000,2.939634
41.910000,2.959997
41.920000,2.970178
41.930000,2.947270
41.940000,2.965088
41.950000,2.967633
41.960000,2.942180
41.970000,2.954906
41.980000,2.942180
41.990000,2.911636
42.000000,2.901454
42.010000,2.929453
42.020000,2.929453
42.030000,2.919272
42.040000,2.954906
42.050000,2.995632
42.060000,2.998177
42.070000,3.005813
42.080000,3.043993
42.090000,3.074537
42.100000,3.117808
42.110000,3.173806
42.120000,3.227258
42.130000,3.288346
42.140000,3.288346
42.150000,3.341798
42.160000,3.405432
42.170000,3.407977
42.180000,3.433431
42.190000,3.497064
42.200000,3.525063
42.210000,3.479247
42.220000,3.466520
42.230000,3.489428
42.240000,3.469065
42.250000,3.435976
42.260000,3.456339
42.270000,3.471611
42.280000,3.463975
42.290000,3.385069
42.300000,3.354525
42.310000,3.364706
42.320000,3.336708
42.330000,3.298527
42.340000,3.234894
42.350000,3.234894
42.360000,3.173806
42.370000,3.092355
42.380000,3.041448
42.390000,3.005813
42.400000,2.929453
42.410000,2.886182
42.420000,2.848002
42.430000,2.794550
42.440000,2.753824
42.450000,2.756370
42.460000,2.743643
42.470000,2.710554
42.480000,2.725826
42.490000,2.743643
42.500000,2.705463
42.510000,2.730916
42.520000,2.748734
42.530000,2.720735
42.540000,2.715644
42.550000,2.764006
42.560000,2.751279
42.570000,2.736007
42.580000,2.766551
42.590000,2.807277
42.600000,2.774187
42.610000,2.789459
42.620000,2.812367
42.630000,2.784369
42.640000,2.781823
42.650000,2.835275
42.660000,2.827639
42.670000,2.825094
42.680000,2.855638
42.690000,2.807277
42.700000,2.817458
42.710000,2.853093
42.720000,2.814913
42.730000,2.825094
42.740000,2.837821
42.750000,2.812367
42.760000,2.807277
42.770000,2.840366
42.780000,2.825094
42.790000,2.784369
42.800000,2.817458
42.810000,2.812367
42.820000,2.827639
42.830000,2.888728
42.840000,2.911636
42.850000,2.919272
42.860000,2.962542
42.870000,3.046539
42.880000,3.110172
42.890000,3.163624
42.900000,3.150898
42.910000,3.214531
42.920000,3.217077
42.930000,3.219622
42.940000,3.295982
42.950000,3.326526
42.960000,3.329072
42.970000,3.329072
42.980000,3.374888
42.990000,3.387614
43.000000,3.387614
43.010000,3.407977
43.020000,3.428340
43.030000,3.451248
43.040000,3.407977
43.050000,3.349434
43.060000,3.377433
43.070000,3.425794
43.080000,3.435976
43.090000,3.385069
43.100000,3.354525
43.110000,3.369797
43.120000,3.374888
43.130000,3.377433
43.140000,3.400341
43.150000,3.346889
43.160000,3.311254
43.170000,3.295982
43.180000,3.311254
43.190000,3.326526
43.200000,3.283255
43.210000,3.245075
43.220000,3.201804
43.230000,3.155988
43.240000,3.120354
43.250000,3.079628
43.260000,3.056720
43.270000,3.038903
43.280000,3.023631
43.290000,2.972724
43.300000,2.980360
43.310000,2.962542
43.320000,2.919272
43.330000,2.893818
43.340000,2.878546
43.350000,2.891273
43.360000,2.883637
43.370000,2.878546
43.380000,2.873456
43.390000,2.840366
43.400000,2.830185
43.410000,2.832730
43.420000,2.832730
43.430000,2.820003
43.440000,2.809822
43.450000,2.799641
43.460000,2.817458
43.470000,2.825094
43.480000,2.786914
43.490000,2.809822
43.500000,2.835275
43.510000,2.820003
43.520000,2.812367
43.530000,2.809822
43.540000,2.809822
43.550000,2.832730
43.560000,2.825094
43.570000,2.835275
43.580000,2.842911
43.590000,2.812367
43.600000,2.822549
43.610000,2.863274
43.620000,2.881092
43.630000,2.898909
43.640000,2.898909
43.650000,2.891273
43.660000,2.924362
43.670000,2.967633
43.680000,2.998177
43.690000,3.018540
43.700000,3.031267
43.710000,3.056720
43.720000,3.084719
43.730000,3.145807
43.740000,3.166170
43.750000,3.191623
43.760000,3.219622
43.770000,3.224713
43.780000,3.267983
43.790000,3.311254
43.800000,3.349434
43.810000,3.405432
43.820000,3.425794
43.830000,3.415613
43.840000,3.387614
43.850000,3.430885
43.860000,3.438521
43.870000,3.438521
43.880000,3.418158
43.890000,3.395250
43.900000,3.395250
43.910000,3.402886
43.920000,3.395250
43.930000,3.362161
43.940000,3.341798
43.950000,3.336708
43.960000,3.344344
43.970000,3.316345
43.980000,3.301073
43.990000,3.275619
